po_number,supplier_id,material,load_tonnes,planned_arrival_ts
PO100001,S02,Resin/Chemicals,24.4,2024-01-01 15:27:31
PO100002,S03,Steel coil,21.8,2024-01-01 10:12:36
PO100003,S10,Spare parts,15.9,2024-01-01 12:39:36
PO100004,S07,Resin/Chemicals,19.1,2024-01-01 09:58:05
PO100005,S04,Agro raw material,21.2,2024-01-01 10:19:45
PO100006,s01,Packaging,11.6,2024-01-01 15:45:52
PO100007,S06,Packaging,26.0,2024-01-02 22:29:02
PO100008,S03,Steel coil,13.9,2024-01-02 14:45:50
PO100009,S05,Spare parts,8.9,2024-01-02 15:07:03
PO100010,S06,Packaging,11.4,2024-01-02 13:33:42
PO100011,S09,Agro raw material,12.7,2024-01-02 16:04:17
PO100012,s01,Packaging,9.2,2024-01-02 17:22:43
PO100013,S09,Agro raw material,22.2,2024-01-03 07:06:51
PO100014,S08,Steel coil,14.8,2024-01-03 07:00:20
PO100015,S11,Packaging,7.1,2024-01-03 16:35:48
PO100016,S01,Packaging,9.5,2024-01-03 16:32:58
PO100017,S10,Spare parts,13.1,2024-01-03 16:53:42
PO100018,S05,Spare parts,14.8,2024-01-03 17:59:46
PO100019,S05,Spare parts,27.1,2024-01-04 20:12:41
PO100020,S10,Spare parts,22.4,2024-01-04 11:45:58
PO100021,S11,Packaging,15.8,2024-01-04 20:17:36
PO100022,S08,Steel coil,21.1,2024-01-04 12:39:30
PO100023,S10,Spare parts,9.2,2024-01-04 09:05:05
PO100024,S10,Spare parts,19.6,2024-01-04 10:47:19
PO100025,S01,Packaging,16.6,2024-01-04 16:35:55
PO100026,S08,Steel coil,7.7,2024-01-04 07:05:51
PO100027,S07,Resin/Chemicals,13.2,2024-01-05 10:56:06
PO100028,S07,Resin/Chemicals,27.8,2024-01-05 14:42:20
PO100029,S04,Agro raw material,19.4,2024-01-05 08:54:17
PO100030,S05,Spare parts,25.1,2024-01-05 19:58:42
PO100031,S09,Agro raw material,15.3,2024-01-07 17:56:48
PO100032,S10,Spare parts,24.8,2024-01-07 14:12:28
PO100033,S06,Packaging,15.1,2024-01-08 16:55:08
PO100034,S02,Resin/Chemicals,15.4,2024-01-08 09:44:36
PO100035,S05,Spare parts,25.7,2024-01-08 10:54:37
PO100036,S06,Packaging,25.1,2024-01-08 17:20:16
PO100037,S08,Steel coil,14.0,2024-01-08 12:30:58
PO100038,s06,Packaging,12.7,2024-01-08 12:22:56
PO100039,S11,Packaging,12.0,2024-01-08 19:51:35
PO100040,S11,Packaging,18.1,2024-01-08 16:49:06
PO100041,S07,Resin/Chemicals,17.3,2024-01-08 17:23:29
PO100042,S01,Packaging,12.8,2024-01-09 09:25:10
PO100043,S01,Packaging,18.8,2024-01-09 07:21:14
PO100044,S08,Steel coil,25.9,2024-01-09 14:25:50
PO100045,S04,Agro raw material,27.9,2024-01-09 17:26:13
PO100046,S03,Steel coil,22.5,2024-01-09 12:47:09
PO100047,S06,Packaging,19.9,2024-01-09 12:40:40
PO100048,S08,Steel coil,25.9,2024-01-10 12:31:11
PO100049,S04,Agro raw material,23.2,2024-01-10 16:12:31
PO100050,S03,Steel coil,10.1,2024-01-10 07:38:31
PO100051,S08,Steel coil,21.5,2024-01-10 12:59:45
PO100052,S08,Steel coil,21.1,2024-01-10 15:31:44
PO100053,S02,Resin/Chemicals,9.1,2024-01-10 16:55:31
PO100054,S10,Spare parts,18.5,2024-01-10 10:30:21
PO100055,S04,Agro raw material,26.3,2024-01-11 15:29:51
PO100056,S03,Steel coil,6.0,2024-01-11 12:36:20
PO100057,S04,Agro raw material,19.3,2024-01-11 11:45:12
PO100058,S09,Agro raw material,15.7,2024-01-11 13:55:46
PO100059,S03,Steel coil,16.7,2024-01-12 12:44:03
PO100060,S11,Packaging,19.3,2024-01-12 16:59:26
PO100061,S08,Steel coil,14.8,2024-01-12 08:00:41
PO100062,S04,Agro raw material,8.0,2024-01-12 16:28:22
PO100063,S09,Agro raw material,17.5,2024-01-12 08:15:57
PO100064,S02,Resin/Chemicals,6.2,2024-01-12 15:55:25
PO100065,S05,Spare parts,12.2,2024-01-12 12:03:01
PO100066,S05,Spare parts,26.4,2024-01-13 15:02:05
PO100067,S02,Resin/Chemicals,13.0,2024-01-13 10:10:07
PO100068,S07,Resin/Chemicals,11.4,2024-01-15 11:24:47
PO100069,S09,Agro raw material,17.1,2024-01-15 11:01:34
PO100070,S07,Resin/Chemicals,10.7,2024-01-15 14:28:14
PO100071,S11,Packaging,16.3,2024-01-16 16:53:09
PO100072,S01,Packaging,9.3,2024-01-16 07:16:13
PO100073,S05,Spare parts,5.5,2024-01-16 14:52:25
PO100074,S06,Packaging,6.2,2024-01-16 16:48:28
PO100075,S07,Resin/Chemicals,7.1,2024-01-16 16:41:27
PO100076,S07,Resin/Chemicals,14.5,2024-01-16 07:18:04
PO100077,s12,Resin/Chemicals,8.3,2024-01-16 20:23:03
PO100078,S05,Spare parts,13.0,2024-01-16 17:26:27
PO100079,S07,Resin/Chemicals,26.4,2024-01-17 11:53:43
PO100080,S02,Resin/Chemicals,14.0,2024-01-17 13:15:50
PO100081,s07,Resin/Chemicals,5.6,2024-01-17 06:40:26
PO100082,S05,Spare parts,27.8,2024-01-17 18:27:18
PO100083,S02,Resin/Chemicals,24.5,2024-01-17 06:26:55
PO100084,S10,Spare parts,8.8,2024-01-18 09:51:38
PO100085,S09,Agro raw material,24.4,2024-01-18 09:23:38
PO100086,S11,Packaging,16.4,2024-01-18 12:01:04
PO100087,S10,Spare parts,27.1,2024-01-18 16:04:24
PO100088,S01,Packaging,20.6,2024-01-18 10:41:49
PO100089,S11,Packaging,15.7,2024-01-18 10:53:36
PO100090,S03,Steel coil,8.9,2024-01-18 10:00:04
PO100091,S08,Steel coil,19.7,2024-01-19 16:18:46
PO100092,S09,Agro raw material,12.2,2024-01-19 11:30:00
PO100093,S03,Steel coil,24.7,2024-01-19 15:02:49
PO100094,S02,Resin/Chemicals,18.7,2024-01-19 13:10:24
PO100095,S03,Steel coil,18.4,2024-01-19 07:22:48
PO100096,S12,Resin/Chemicals,10.0,2024-01-20 18:40:30
PO100097,S10,Spare parts,13.6,2024-01-20 15:53:53
PO100098,S08,Steel coil,20.7,2024-01-20 12:27:29
PO100099,S06,Packaging,7.8,2024-01-20 19:20:55
PO100100,S07,Resin/Chemicals,15.4,2024-01-20 09:09:48
PO100101,S10,Spare parts,15.6,2024-01-21 13:14:56
PO100102,S04,Agro raw material,17.0,2024-01-22 10:06:55
PO100103,S06,Packaging,5.8,2024-01-22 12:56:06
PO100104,S01,Packaging,6.1,2024-01-22 08:02:07
PO100105,S03,Steel coil,27.9,2024-01-22 13:11:19
PO100106,S04,Agro raw material,11.6,2024-01-22 11:24:03
PO100107,S07,Resin/Chemicals,19.7,2024-01-22 16:10:33
PO100108,S10,Spare parts,24.4,2024-01-22 09:48:35
PO100109,S08,Steel coil,22.1,2024-01-22 10:39:41
PO100110,S07,Resin/Chemicals,14.8,2024-01-23 11:36:48
PO100111,S06,Packaging,7.8,2024-01-23 17:38:11
PO100112,S06,Packaging,17.2,2024-01-23 21:52:59
PO100113,S02,Resin/Chemicals,25.9,2024-01-23 10:07:41
PO100114,S09,Agro raw material,5.9,2024-01-23 14:10:57
PO100115,S10,Spare parts,15.2,2024-01-23 08:51:15
PO100116,S03,Steel coil,12.4,2024-01-24 08:29:11
PO100117,S06,Packaging,23.5,2024-01-24 17:17:30
PO100118,S10,Spare parts,11.7,2024-01-24 13:34:23
PO100119,S06,Packaging,27.4,2024-01-24 15:44:48
PO100120,S03,Steel coil,17.5,2024-01-24 15:44:58
PO100121,S03,Steel coil,19.1,2024-01-24 09:41:13
PO100122,S08,Steel coil,10.7,2024-01-24 13:06:43
PO100123,S06,Packaging,8.8,2024-01-24 12:07:24
PO100124,S03,Steel coil,24.6,2024-01-24 09:57:04
PO100125,S08,Steel coil,13.4,2024-01-24 10:11:22
PO100126,S02,Resin/Chemicals,13.3,2024-01-24 16:27:17
PO100127,S11,Packaging,6.0,2024-01-25 12:00:20
PO100128,S02,Resin/Chemicals,25.0,2024-01-25 08:12:25
PO100129,S02,Resin/Chemicals,10.0,2024-01-25 10:21:52
PO100130,S01,Packaging,11.9,2024-01-25 09:50:50
PO100131,S10,Spare parts,18.5,2024-01-25 08:15:26
PO100132,S02,Resin/Chemicals,22.1,2024-01-25 13:50:38
PO100133,S08,Steel coil,12.1,2024-01-26 07:22:33
PO100134,S11,Packaging,19.5,2024-01-26 20:19:48
PO100135,S01,Packaging,20.3,2024-01-26 07:59:46
PO100136,S10,Spare parts,8.9,2024-01-26 18:03:12
PO100137,s07,Resin/Chemicals,18.7,2024-01-27 12:10:07
PO100138,S10,Spare parts,20.9,2024-01-27 11:39:54
PO100139,S03,Steel coil,26.9,2024-01-27 16:36:30
PO100140,S07,Resin/Chemicals,28.0,2024-01-27 13:58:01
PO100141,S10,Spare parts,25.4,2024-01-27 17:27:16
PO100142,S04,Agro raw material,7.4,2024-01-28 17:55:47
PO100143,S11,Packaging,9.6,2024-01-29 16:19:22
PO100144,S06,Packaging,27.6,2024-01-29 11:48:16
PO100145,S03,Steel coil,5.7,2024-01-29 16:58:13
PO100146,S07,Resin/Chemicals,23.1,2024-01-29 09:06:12
PO100147,S05,Spare parts,11.6,2024-01-29 18:07:48
PO100148,S10,Spare parts,24.9,2024-01-29 14:21:52
PO100149,S11,Packaging,11.0,2024-01-29 16:04:47
PO100150,S08,Steel coil,20.3,2024-01-30 08:47:03
PO100151,S07,Resin/Chemicals,24.2,2024-01-30 10:07:15
PO100152,S01,Packaging,7.8,2024-01-30 10:56:56
PO100153,S08,Steel coil,24.7,2024-01-30 13:28:14
PO100154,S07,Resin/Chemicals,18.3,2024-01-30 17:00:29
PO100155,S06,Packaging,20.8,2024-01-30 18:16:08
PO100156,S05,Spare parts,17.5,2024-01-30 11:40:10
PO100157,S09,Agro raw material,27.5,2024-01-30 13:22:42
PO100158,S01,Packaging,9.7,2024-01-30 07:19:26
PO100159,S07,Resin/Chemicals,16.7,2024-01-30 07:22:27
PO100160,S07,Resin/Chemicals,16.2,2024-01-31 07:46:21
PO100161,S06,Packaging,21.2,2024-01-31 14:07:48
PO100162,S08,Steel coil,9.7,2024-01-31 14:49:17
PO100163,S12,Resin/Chemicals,25.9,2024-01-31 17:44:12
PO100164,S01,Packaging,20.2,2024-01-31 11:23:26
PO100165,S08,Steel coil,9.7,2024-01-31 13:00:54
PO100166,S01,Packaging,20.7,2024-01-31 10:34:11
PO100167,S11,Packaging,24.7,2024-01-31 19:27:48
PO100168,S09,Agro raw material,15.4,2024-01-31 11:16:55
PO100169,S04,Agro raw material,13.2,2024-02-01 17:04:33
PO100170,S02,Resin/Chemicals,26.4,2024-02-01 13:58:37
PO100171,S09,Agro raw material,22.9,2024-02-01 10:43:40
PO100172,S11,Packaging,13.7,2024-02-01 16:16:52
PO100173,S08,Steel coil,14.8,2024-02-01 07:56:53
PO100174,S01,Packaging,19.3,2024-02-01 11:51:38
PO100175,S04,Agro raw material,8.8,2024-02-02 16:23:58
PO100176,s05,Spare parts,25.0,2024-02-02 12:01:01
PO100177,S07,Resin/Chemicals,19.5,2024-02-02 08:18:26
PO100178,S04,Agro raw material,23.8,2024-02-02 15:15:23
PO100179,S03,Steel coil,26.6,2024-02-02 14:09:42
PO100180,S01,Packaging,26.4,2024-02-02 10:55:26
PO100181,S11,Packaging,8.0,2024-02-02 12:01:33
PO100182,S01,Packaging,14.0,2024-02-02 15:03:52
PO100183,S11,Packaging,11.9,2024-02-02 13:53:13
PO100184,S11,Packaging,21.0,2024-02-02 12:23:49
PO100185,S04,Agro raw material,24.0,2024-02-02 16:24:15
PO100186,S03,Steel coil,16.4,2024-02-02 12:29:03
PO100187,S06,Packaging,24.3,2024-02-02 11:47:04
PO100188,S03,Steel coil,16.3,2024-02-02 13:28:57
PO100189,S09,Agro raw material,16.2,2024-02-03 17:40:11
PO100190,S07,Resin/Chemicals,24.5,2024-02-03 15:53:13
PO100191,S12,Resin/Chemicals,20.0,2024-02-04 16:02:49
PO100192,s04,Agro raw material,11.9,2024-02-05 14:39:42
PO100193,S10,Spare parts,27.6,2024-02-05 14:19:32
PO100194,S04,Agro raw material,15.5,2024-02-05 15:10:15
PO100195,S04,Agro raw material,17.1,2024-02-06 17:06:29
PO100196,S11,Packaging,17.9,2024-02-06 11:48:12
PO100197,S09,Agro raw material,7.4,2024-02-06 11:24:31
PO100198,S12,Resin/Chemicals,11.8,2024-02-06 19:04:33
PO100199,S07,Resin/Chemicals,8.6,2024-02-06 08:23:32
PO100200,S11,Packaging,7.0,2024-02-06 15:35:58
PO100201,S12,Resin/Chemicals,5.1,2024-02-07 21:37:57
PO100202,S02,Resin/Chemicals,14.8,2024-02-07 11:19:29
PO100203,S07,Resin/Chemicals,21.2,2024-02-07 14:24:11
PO100204,S09,Agro raw material,14.5,2024-02-07 08:55:16
PO100205,S05,Spare parts,18.9,2024-02-07 15:43:56
PO100206,S07,Resin/Chemicals,27.0,2024-02-07 17:17:25
PO100207,S01,Packaging,19.1,2024-02-07 07:07:03
PO100208,S11,Packaging,11.7,2024-02-07 21:18:56
PO100209,S08,Steel coil,12.5,2024-02-08 11:16:04
PO100210,S02,Resin/Chemicals,23.1,2024-02-08 11:30:09
PO100211,S06,Packaging,12.8,2024-02-08 17:48:22
PO100212,S07,Resin/Chemicals,14.1,2024-02-08 16:30:31
PO100213,S03,Steel coil,14.8,2024-02-08 10:51:05
PO100214,S04,Agro raw material,6.3,2024-02-08 16:41:45
PO100215,S08,Steel coil,27.8,2024-02-08 09:32:25
PO100216,S02,Resin/Chemicals,18.6,2024-02-09 11:56:27
PO100217,S05,Spare parts,5.7,2024-02-09 12:48:09
PO100218,S05,Spare parts,18.9,2024-02-09 14:24:08
PO100219,S02,Resin/Chemicals,12.3,2024-02-09 13:26:30
PO100220,S03,Steel coil,12.4,2024-02-09 10:15:01
PO100221,S11,Packaging,17.3,2024-02-09 15:19:51
PO100222,S05,Spare parts,11.0,2024-02-09 20:46:16
PO100223,S02,Resin/Chemicals,14.8,2024-02-09 15:25:22
PO100224,S09,Agro raw material,19.7,2024-02-09 17:51:07
PO100225,S10,Spare parts,23.5,2024-02-09 17:04:41
PO100226,S11,Packaging,5.4,2024-02-09 11:53:40
PO100227,S06,Packaging,25.4,2024-02-09 16:36:47
PO100228,S12,Resin/Chemicals,25.7,2024-02-09 14:52:05
PO100229,S01,Packaging,10.1,2024-02-09 08:28:15
PO100230,S10,Spare parts,11.1,2024-02-10 09:18:27
PO100231,S11,Packaging,26.5,2024-02-10 15:45:59
PO100232,S07,Resin/Chemicals,19.0,2024-02-10 14:45:27
PO100233,S11,Packaging,14.3,2024-02-10 17:38:43
PO100234,S07,Resin/Chemicals,9.0,2024-02-10 15:46:33
PO100235,S01,Packaging,7.6,2024-02-11 12:59:50
PO100236,S12,Resin/Chemicals,7.5,2024-02-12 13:22:35
PO100237,S04,Agro raw material,21.1,2024-02-12 15:13:47
PO100238,S11,Packaging,24.3,2024-02-12 17:31:44
PO100239,S10,Spare parts,12.3,2024-02-12 12:29:46
PO100240,S07,Resin/Chemicals,14.1,2024-02-13 13:18:57
PO100241,S04,Agro raw material,11.2,2024-02-13 11:45:34
PO100242,S05,Spare parts,5.6,2024-02-13 17:34:28
PO100243,S10,Spare parts,23.2,2024-02-13 16:39:57
PO100244,S10,Spare parts,26.5,2024-02-13 12:51:40
PO100245,S04,Agro raw material,9.5,2024-02-13 15:19:26
PO100246,S08,Steel coil,17.3,2024-02-14 06:18:34
PO100247,S06,Packaging,21.1,2024-02-14 11:58:32
PO100248,S04,Agro raw material,10.2,2024-02-14 15:02:52
PO100249,S05,Spare parts,20.4,2024-02-14 10:39:01
PO100250,S12,Resin/Chemicals,13.7,2024-02-14 20:30:48
PO100251,S01,Packaging,17.2,2024-02-14 09:14:20
PO100252,S04,Agro raw material,14.3,2024-02-14 13:20:57
PO100253,S03,Steel coil,10.9,2024-02-15 11:56:32
PO100254,S03,Steel coil,6.0,2024-02-15 17:07:05
PO100255,S06,Packaging,8.4,2024-02-15 13:41:48
PO100256,S05,Spare parts,27.2,2024-02-15 16:17:05
PO100257,S01,Packaging,10.0,2024-02-15 11:09:30
PO100258,S07,Resin/Chemicals,12.9,2024-02-15 12:58:10
PO100259,S12,Resin/Chemicals,23.0,2024-02-15 12:33:21
PO100260,S12,Resin/Chemicals,11.7,2024-02-15 17:29:23
PO100261,S07,Resin/Chemicals,5.9,2024-02-15 15:39:21
PO100262,s01,Packaging,27.3,2024-02-16 09:49:36
PO100263,S11,Packaging,27.8,2024-02-16 18:35:21
PO100264,S08,Steel coil,6.8,2024-02-16 11:37:23
PO100265,S08,Steel coil,16.3,2024-02-16 12:29:20
PO100266,S11,Packaging,23.8,2024-02-16 14:19:43
PO100267,S01,Packaging,26.4,2024-02-16 11:10:15
PO100268,S12,Resin/Chemicals,17.4,2024-02-16 21:18:02
PO100269,S09,Agro raw material,23.0,2024-02-17 07:26:55
PO100270,S02,Resin/Chemicals,18.6,2024-02-17 11:30:39
PO100271,S11,Packaging,20.3,2024-02-17 18:05:33
PO100272,S05,Spare parts,21.7,2024-02-17 13:54:04
PO100273,S03,Steel coil,10.1,2024-02-19 17:04:15
PO100274,S12,Resin/Chemicals,12.5,2024-02-19 14:43:07
PO100275,S01,Packaging,23.7,2024-02-19 10:15:13
PO100276,S09,Agro raw material,17.8,2024-02-19 16:57:18
PO100277,S11,Packaging,19.9,2024-02-19 12:32:49
PO100278,S01,Packaging,15.8,2024-02-19 11:58:00
PO100279,S12,Resin/Chemicals,9.8,2024-02-19 18:55:28
PO100280,S11,Packaging,11.1,2024-02-20 20:44:11
PO100281,S05,Spare parts,10.3,2024-02-20 18:46:40
PO100282,S01,Packaging,7.7,2024-02-20 17:23:33
PO100283,S09,Agro raw material,15.4,2024-02-20 15:09:41
PO100284,S10,Spare parts,8.7,2024-02-20 16:04:02
PO100285,S05,Spare parts,15.2,2024-02-20 11:25:05
PO100286,S11,Packaging,13.9,2024-02-20 12:23:34
PO100287,s10,Spare parts,6.7,2024-02-20 14:54:58
PO100288,S03,Steel coil,27.3,2024-02-20 12:35:32
PO100289,S05,Spare parts,16.9,2024-02-20 19:50:53
PO100290,S08,Steel coil,11.6,2024-02-21 16:10:17
PO100291,S09,Agro raw material,17.5,2024-02-21 07:40:51
PO100292,S09,Agro raw material,5.3,2024-02-21 10:34:36
PO100293,S02,Resin/Chemicals,16.9,2024-02-21 07:02:23
PO100294,S03,Steel coil,12.1,2024-02-21 09:43:53
PO100295,S07,Resin/Chemicals,23.0,2024-02-21 15:37:59
PO100296,S07,Resin/Chemicals,7.0,2024-02-21 08:49:07
PO100297,S09,Agro raw material,27.3,2024-02-22 08:50:55
PO100298,S12,Resin/Chemicals,20.7,2024-02-22 12:43:16
PO100299,S04,Agro raw material,11.0,2024-02-22 15:50:03
PO100300,S10,Spare parts,7.5,2024-02-22 17:36:44
PO100301,S01,Packaging,17.4,2024-02-22 14:27:32
PO100302,S08,Steel coil,27.3,2024-02-22 14:55:24
PO100303,S01,Packaging,26.4,2024-02-22 09:58:28
PO100304,S01,Packaging,14.5,2024-02-22 08:44:30
PO100305,S09,Agro raw material,23.0,2024-02-23 10:47:54
PO100306,S07,Resin/Chemicals,25.6,2024-02-23 12:37:44
PO100307,S09,Agro raw material,17.8,2024-02-23 11:46:34
PO100308,S08,Steel coil,23.9,2024-02-23 11:52:43
PO100309,S11,Packaging,27.4,2024-02-23 18:18:49
PO100310,S11,Packaging,26.2,2024-02-24 14:47:05
PO100311,S07,Resin/Chemicals,14.8,2024-02-24 09:07:54
PO100312,S02,Resin/Chemicals,16.7,2024-02-24 13:29:29
PO100313,S04,Agro raw material,11.2,2024-02-24 16:24:37
PO100314,S12,Resin/Chemicals,27.9,2024-02-24 15:41:22
PO100315,S10,Spare parts,22.5,2024-02-26 12:47:43
PO100316,S04,Agro raw material,27.7,2024-02-26 15:12:46
PO100317,S02,Resin/Chemicals,8.1,2024-02-26 15:53:14
PO100318,S05,Spare parts,11.4,2024-02-26 14:38:31
PO100319,S06,Packaging,18.3,2024-02-26 14:18:38
PO100320,S09,Agro raw material,13.3,2024-02-26 17:39:09
PO100321,S08,Steel coil,5.4,2024-02-26 13:47:15
PO100322,S07,Resin/Chemicals,19.3,2024-02-26 09:30:45
PO100323,S02,Resin/Chemicals,14.7,2024-02-26 13:17:19
PO100324,S06,Packaging,11.9,2024-02-26 13:40:16
PO100325,S10,Spare parts,17.1,2024-02-26 17:31:26
PO100326,S03,Steel coil,6.0,2024-02-27 17:00:55
PO100327,S10,Spare parts,21.1,2024-02-27 16:15:54
PO100328,s09,Agro raw material,12.2,2024-02-27 08:59:17
PO100329,S02,Resin/Chemicals,23.4,2024-02-27 12:25:18
PO100330,S01,Packaging,6.8,2024-02-27 11:17:05
PO100331,S04,Agro raw material,24.1,2024-02-27 13:48:37
PO100332,S02,Resin/Chemicals,19.8,2024-02-27 15:50:59
PO100333,S02,Resin/Chemicals,16.6,2024-02-27 13:11:47
PO100334,S05,Spare parts,5.7,2024-02-28 10:34:35
PO100335,S02,Resin/Chemicals,13.3,2024-02-28 16:06:45
PO100336,S07,Resin/Chemicals,12.2,2024-02-28 09:49:15
PO100337,S11,Packaging,17.6,2024-02-28 20:19:23
PO100338,S07,Resin/Chemicals,7.8,2024-02-28 14:53:29
PO100339,S11,Packaging,13.7,2024-02-28 11:13:08
PO100340,S11,Packaging,6.7,2024-02-28 19:11:32
PO100341,S07,Resin/Chemicals,26.3,2024-02-28 13:50:56
PO100342,S05,Spare parts,27.9,2024-02-28 20:15:21
PO100343,S11,Packaging,14.0,2024-02-29 14:29:08
PO100344,S06,Packaging,20.4,2024-02-29 19:20:26
PO100345,S01,Packaging,10.2,2024-02-29 10:45:22
PO100346,S01,Packaging,23.5,2024-02-29 12:11:29
PO100347,S04,Agro raw material,21.3,2024-02-29 09:35:50
PO100348,S10,Spare parts,12.3,2024-02-29 15:39:08
PO100349,S06,Packaging,18.8,2024-03-01 21:47:45
PO100350,S09,Agro raw material,15.1,2024-03-01 14:35:15
PO100351,S12,Resin/Chemicals,18.8,2024-03-01 20:21:43
PO100352,S08,Steel coil,10.4,2024-03-01 15:54:53
PO100353,S12,Resin/Chemicals,9.6,2024-03-01 14:12:06
PO100354,S11,Packaging,7.9,2024-03-01 15:42:36
PO100355,S08,Steel coil,21.7,2024-03-01 16:24:16
PO100356,S04,Agro raw material,26.6,2024-03-01 10:08:54
PO100357,S10,Spare parts,14.9,2024-03-01 09:54:22
PO100358,S02,Resin/Chemicals,21.9,2024-03-02 13:49:58
PO100359,S10,Spare parts,8.1,2024-03-02 12:19:42
PO100360,S07,Resin/Chemicals,7.5,2024-03-03 15:28:52
PO100361,S09,Agro raw material,5.2,2024-03-03 10:44:24
PO100362,S07,Resin/Chemicals,21.7,2024-03-04 14:36:32
PO100363,S08,Steel coil,16.1,2024-03-04 09:55:33
PO100364,S02,Resin/Chemicals,11.1,2024-03-04 15:45:46
PO100365,S01,Packaging,11.4,2024-03-04 16:54:02
PO100366,S12,Resin/Chemicals,5.1,2024-03-04 11:31:56
PO100367,S12,Resin/Chemicals,14.7,2024-03-05 21:52:59
PO100368,S09,Agro raw material,12.1,2024-03-05 16:22:18
PO100369,S04,Agro raw material,27.3,2024-03-05 14:21:50
PO100370,S02,Resin/Chemicals,23.7,2024-03-05 10:54:56
PO100371,S11,Packaging,15.4,2024-03-05 15:25:03
PO100372,s03,Steel coil,25.0,2024-03-06 13:17:51
PO100373,S01,Packaging,8.7,2024-03-06 11:48:42
PO100374,S10,Spare parts,21.2,2024-03-06 11:42:55
PO100375,S03,Steel coil,21.9,2024-03-06 15:12:14
PO100376,S12,Resin/Chemicals,8.3,2024-03-06 17:36:52
PO100377,s10,Spare parts,16.1,2024-03-06 13:19:52
PO100378,S12,Resin/Chemicals,27.5,2024-03-06 20:41:50
PO100379,S01,Packaging,8.4,2024-03-06 15:55:39
PO100380,S11,Packaging,15.6,2024-03-06 13:35:06
PO100381,S04,Agro raw material,26.2,2024-03-07 08:59:29
PO100382,S12,Resin/Chemicals,27.4,2024-03-07 13:59:33
PO100383,S04,Agro raw material,14.7,2024-03-07 17:29:36
PO100384,S11,Packaging,21.3,2024-03-07 16:13:10
PO100385,S08,Steel coil,19.0,2024-03-07 16:54:43
PO100386,S03,Steel coil,24.0,2024-03-07 10:45:36
PO100387,S04,Agro raw material,16.9,2024-03-07 11:51:48
PO100388,S09,Agro raw material,13.7,2024-03-08 10:58:06
PO100389,S01,Packaging,16.6,2024-03-08 08:14:01
PO100390,S08,Steel coil,24.4,2024-03-08 10:47:59
PO100391,S07,Resin/Chemicals,24.4,2024-03-08 10:26:39
PO100392,S05,Spare parts,6.5,2024-03-08 15:58:59
PO100393,S08,Steel coil,5.6,2024-03-09 13:18:04
PO100394,S11,Packaging,16.4,2024-03-09 17:51:48
PO100395,S08,Steel coil,10.4,2024-03-09 08:36:50
PO100396,s12,Resin/Chemicals,18.8,2024-03-11 21:08:12
PO100397,S02,Resin/Chemicals,15.0,2024-03-11 09:43:44
PO100398,S04,Agro raw material,11.8,2024-03-11 15:41:10
PO100399,S09,Agro raw material,23.7,2024-03-11 17:24:27
PO100400,S03,Steel coil,12.4,2024-03-11 13:53:23
PO100401,S05,Spare parts,5.4,2024-03-12 20:03:45
PO100402,S01,Packaging,26.4,2024-03-12 06:35:00
PO100403,S01,Packaging,11.8,2024-03-12 06:39:06
PO100404,S07,Resin/Chemicals,24.1,2024-03-12 12:00:26
PO100405,S10,Spare parts,12.7,2024-03-12 13:23:06
PO100406,S07,Resin/Chemicals,27.3,2024-03-12 16:46:42
PO100407,S09,Agro raw material,8.7,2024-03-12 08:41:43
PO100408,S12,Resin/Chemicals,27.7,2024-03-13 20:02:53
PO100409,s12,Resin/Chemicals,14.2,2024-03-13 21:12:56
PO100410,S03,Steel coil,7.9,2024-03-13 07:30:23
PO100411,S03,Steel coil,5.6,2024-03-13 15:48:43
PO100412,S05,Spare parts,19.4,2024-03-13 20:56:35
PO100413,S10,Spare parts,25.2,2024-03-13 15:08:05
PO100414,S11,Packaging,18.6,2024-03-13 16:26:17
PO100415,S09,Agro raw material,6.3,2024-03-14 08:20:38
PO100416,S11,Packaging,24.7,2024-03-14 19:35:19
PO100417,S11,Packaging,5.1,2024-03-14 21:07:43
PO100418,S09,Agro raw material,6.4,2024-03-14 14:17:57
PO100419,S11,Packaging,27.0,2024-03-14 13:14:14
PO100420,S02,Resin/Chemicals,23.0,2024-03-15 14:36:08
PO100421,S11,Packaging,27.0,2024-03-15 17:58:38
PO100422,S06,Packaging,15.8,2024-03-15 18:15:12
PO100423,S03,Steel coil,16.9,2024-03-15 09:21:52
PO100424,S02,Resin/Chemicals,21.2,2024-03-15 15:10:45
PO100425,S09,Agro raw material,16.1,2024-03-15 11:46:22
PO100426,S06,Packaging,21.9,2024-03-16 18:14:40
PO100427,S03,Steel coil,24.8,2024-03-16 11:40:43
PO100428,S02,Resin/Chemicals,13.4,2024-03-16 16:38:03
PO100429,S10,Spare parts,27.5,2024-03-17 09:57:56
PO100430,S10,Spare parts,25.5,2024-03-18 10:01:51
PO100431,S03,Steel coil,21.1,2024-03-18 15:51:59
PO100432,S06,Packaging,10.4,2024-03-18 15:01:22
PO100433,S07,Resin/Chemicals,19.0,2024-03-18 07:02:35
PO100434,S10,Spare parts,19.4,2024-03-18 09:48:00
PO100435,S06,Packaging,5.0,2024-03-18 21:02:59
PO100436,S05,Spare parts,10.2,2024-03-18 15:45:03
PO100437,S09,Agro raw material,27.5,2024-03-18 13:35:56
PO100438,s10,Spare parts,27.4,2024-03-18 07:50:42
PO100439,S03,Steel coil,6.7,2024-03-18 09:01:44
PO100440,S03,Steel coil,19.4,2024-03-18 16:32:08
PO100441,S01,Packaging,13.9,2024-03-18 11:35:56
PO100442,S05,Spare parts,24.0,2024-03-18 16:04:44
PO100443,S08,Steel coil,18.1,2024-03-18 06:46:06
PO100444,S08,Steel coil,24.1,2024-03-18 08:41:28
PO100445,S02,Resin/Chemicals,6.7,2024-03-19 10:48:46
PO100446,S07,Resin/Chemicals,6.2,2024-03-19 12:03:46
PO100447,S08,Steel coil,7.9,2024-03-19 13:16:31
PO100448,S12,Resin/Chemicals,18.9,2024-03-19 15:21:16
PO100449,S06,Packaging,12.1,2024-03-19 15:58:18
PO100450,S10,Spare parts,8.7,2024-03-20 08:46:20
PO100451,S05,Spare parts,22.6,2024-03-20 10:36:50
PO100452,S02,Resin/Chemicals,21.6,2024-03-20 15:56:11
PO100453,S04,Agro raw material,6.6,2024-03-20 13:31:25
PO100454,S04,Agro raw material,10.7,2024-03-20 08:58:56
PO100455,S09,Agro raw material,19.6,2024-03-21 16:25:05
PO100456,S01,Packaging,25.6,2024-03-21 08:38:33
PO100457,S08,Steel coil,11.0,2024-03-21 13:04:23
PO100458,S10,Spare parts,20.2,2024-03-21 13:42:42
PO100459,S02,Resin/Chemicals,14.0,2024-03-21 06:09:26
PO100460,S07,Resin/Chemicals,11.6,2024-03-21 16:07:45
PO100461,S03,Steel coil,6.6,2024-03-21 13:02:17
PO100462,S01,Packaging,9.4,2024-03-22 16:33:41
PO100463,S10,Spare parts,5.0,2024-03-22 09:52:59
PO100464,S02,Resin/Chemicals,9.9,2024-03-22 08:25:26
PO100465,S03,Steel coil,22.1,2024-03-22 12:06:22
PO100466,S07,Resin/Chemicals,6.1,2024-03-22 13:46:19
PO100467,S08,Steel coil,17.7,2024-03-22 06:33:31
PO100468,S02,Resin/Chemicals,13.6,2024-03-22 09:00:32
PO100469,S05,Spare parts,13.6,2024-03-23 20:23:16
PO100470,S03,Steel coil,12.8,2024-03-23 16:11:06
PO100471,S04,Agro raw material,13.4,2024-03-23 13:11:36
PO100472,S06,Packaging,18.0,2024-03-24 13:26:46
PO100473,S11,Packaging,12.4,2024-03-25 16:03:50
PO100474,S02,Resin/Chemicals,26.1,2024-03-25 09:17:23
PO100475,S09,Agro raw material,26.9,2024-03-25 14:33:19
PO100476,S05,Spare parts,16.0,2024-03-25 12:11:53
PO100477,S01,Packaging,10.2,2024-03-25 17:10:29
PO100478,S08,Steel coil,24.8,2024-03-26 08:33:21
PO100479,S07,Resin/Chemicals,22.0,2024-03-26 07:41:07
PO100480,S11,Packaging,19.1,2024-03-26 11:04:38
PO100481,S06,Packaging,26.6,2024-03-26 20:24:24
PO100482,S03,Steel coil,6.9,2024-03-26 12:57:28
PO100483,S06,Packaging,13.9,2024-03-27 19:52:12
PO100484,S12,Resin/Chemicals,20.7,2024-03-27 20:28:26
PO100485,S01,Packaging,8.0,2024-03-27 10:54:31
PO100486,S05,Spare parts,15.2,2024-03-27 19:49:37
PO100487,S04,Agro raw material,23.8,2024-03-27 15:21:06
PO100488,S02,Resin/Chemicals,16.2,2024-03-27 06:55:43
PO100489,S07,Resin/Chemicals,26.5,2024-03-27 11:53:26
PO100490,S01,Packaging,16.7,2024-03-27 12:51:21
PO100491,S01,Packaging,17.3,2024-03-27 09:10:38
PO100492,S04,Agro raw material,18.7,2024-03-27 17:57:54
PO100493,S02,Resin/Chemicals,21.6,2024-03-28 09:02:36
PO100494,S07,Resin/Chemicals,24.0,2024-03-28 14:21:03
PO100495,S09,Agro raw material,10.6,2024-03-28 07:32:14
PO100496,S10,Spare parts,5.8,2024-03-28 09:38:26
PO100497,S01,Packaging,27.1,2024-03-29 14:35:46
PO100498,S02,Resin/Chemicals,21.8,2024-03-29 09:34:17
PO100499,S04,Agro raw material,24.3,2024-03-29 14:20:35
PO100500,S06,Packaging,17.9,2024-03-29 12:33:50
PO100501,S05,Spare parts,22.1,2024-03-29 14:44:58
PO100502,S05,Spare parts,15.8,2024-03-30 17:39:58
PO100503,S01,Packaging,23.6,2024-03-30 17:27:36
PO100504,S11,Packaging,26.9,2024-03-30 20:54:39
PO100505,S09,Agro raw material,5.5,2024-03-30 08:42:47
PO100506,S09,Agro raw material,18.3,2024-03-30 10:04:08
PO100507,s05,Spare parts,22.7,2024-03-30 13:27:43
PO100508,S08,Steel coil,24.7,2024-03-30 13:04:39
PO100509,S04,Agro raw material,26.4,2024-03-30 10:18:28
PO100510,S10,Spare parts,14.5,2024-03-31 07:54:16
PO100511,S10,Spare parts,21.6,2024-04-01 08:30:42
PO100512,S06,Packaging,18.0,2024-04-01 17:44:25
PO100513,S12,Resin/Chemicals,23.5,2024-04-01 15:06:51
PO100514,S10,Spare parts,22.0,2024-04-01 14:10:14
PO100515,S03,Steel coil,8.7,2024-04-01 15:11:52
PO100516,S06,Packaging,13.2,2024-04-02 20:41:03
PO100517,S06,Packaging,14.6,2024-04-02 18:13:35
PO100518,S08,Steel coil,12.5,2024-04-02 14:28:40
PO100519,S03,Steel coil,5.3,2024-04-02 14:47:33
PO100520,S02,Resin/Chemicals,8.1,2024-04-02 16:14:29
PO100521,S08,Steel coil,9.3,2024-04-03 14:08:27
PO100522,S01,Packaging,5.0,2024-04-03 17:14:49
PO100523,S09,Agro raw material,26.4,2024-04-03 10:53:54
PO100524,S03,Steel coil,10.7,2024-04-03 07:06:10
PO100525,S02,Resin/Chemicals,26.4,2024-04-03 09:14:14
PO100526,S10,Spare parts,22.3,2024-04-03 12:29:20
PO100527,S07,Resin/Chemicals,17.8,2024-04-03 12:09:40
PO100528,S02,Resin/Chemicals,25.1,2024-04-03 07:12:11
PO100529,S06,Packaging,26.2,2024-04-03 21:37:05
PO100530,S11,Packaging,5.2,2024-04-03 12:15:14
PO100531,S10,Spare parts,26.4,2024-04-03 13:38:37
PO100532,S11,Packaging,21.5,2024-04-03 18:59:21
PO100533,S06,Packaging,11.4,2024-04-03 16:49:27
PO100534,S09,Agro raw material,15.6,2024-04-04 17:07:18
PO100535,S01,Packaging,6.9,2024-04-04 09:14:36
PO100536,S01,Packaging,16.2,2024-04-04 07:28:37
PO100537,S01,Packaging,7.8,2024-04-04 14:09:50
PO100538,S03,Steel coil,11.8,2024-04-04 07:14:46
PO100539,S11,Packaging,22.7,2024-04-04 14:53:34
PO100540,S03,Steel coil,9.6,2024-04-04 14:40:08
PO100541,S12,Resin/Chemicals,20.7,2024-04-04 21:37:31
PO100542,S09,Agro raw material,17.7,2024-04-04 11:22:23
PO100543,S02,Resin/Chemicals,19.4,2024-04-04 06:42:55
PO100544,S10,Spare parts,23.5,2024-04-05 08:28:58
PO100545,S02,Resin/Chemicals,27.2,2024-04-05 12:58:40
PO100546,S01,Packaging,23.2,2024-04-05 09:48:38
PO100547,S07,Resin/Chemicals,7.7,2024-04-05 14:52:53
PO100548,S01,Packaging,5.6,2024-04-05 14:40:29
PO100549,S10,Spare parts,8.4,2024-04-06 17:04:21
PO100550,S03,Steel coil,6.6,2024-04-08 08:07:26
PO100551,S04,Agro raw material,22.3,2024-04-08 14:29:26
PO100552,S03,Steel coil,13.2,2024-04-08 16:43:31
PO100553,S02,Resin/Chemicals,6.8,2024-04-08 12:35:11
PO100554,S07,Resin/Chemicals,10.1,2024-04-08 10:22:39
PO100555,S10,Spare parts,8.5,2024-04-08 13:07:19
PO100556,S05,Spare parts,27.1,2024-04-08 14:18:09
PO100557,S01,Packaging,5.7,2024-04-09 15:38:40
PO100558,S11,Packaging,21.3,2024-04-09 20:36:14
PO100559,S01,Packaging,12.0,2024-04-09 11:17:08
PO100560,S12,Resin/Chemicals,18.5,2024-04-09 12:37:30
PO100561,S02,Resin/Chemicals,17.9,2024-04-10 06:58:25
PO100562,S04,Agro raw material,8.5,2024-04-11 15:24:37
PO100563,S10,Spare parts,18.5,2024-04-11 17:46:40
PO100564,S03,Steel coil,24.3,2024-04-11 12:49:06
PO100565,S05,Spare parts,5.4,2024-04-11 19:44:46
PO100566,S05,Spare parts,26.2,2024-04-11 20:31:58
PO100567,S03,Steel coil,11.7,2024-04-11 10:26:28
PO100568,S06,Packaging,8.0,2024-04-12 19:36:20
PO100569,S03,Steel coil,21.1,2024-04-12 13:14:47
PO100570,S09,Agro raw material,6.7,2024-04-12 17:34:16
PO100571,S12,Resin/Chemicals,18.0,2024-04-12 20:46:01
PO100572,S04,Agro raw material,8.5,2024-04-12 10:44:49
PO100573,S09,Agro raw material,9.9,2024-04-13 10:29:15
PO100574,S05,Spare parts,10.3,2024-04-13 16:57:08
PO100575,S08,Steel coil,16.7,2024-04-13 12:13:52
PO100576,S11,Packaging,19.8,2024-04-13 18:34:08
PO100577,S10,Spare parts,11.0,2024-04-13 18:13:34
PO100578,S01,Packaging,24.3,2024-04-13 08:09:03
PO100579,S01,Packaging,8.1,2024-04-14 13:39:46
PO100580,S04,Agro raw material,23.3,2024-04-15 16:32:25
PO100581,S11,Packaging,10.0,2024-04-15 15:40:54
PO100582,S10,Spare parts,27.9,2024-04-15 14:47:18
PO100583,S01,Packaging,9.2,2024-04-15 14:47:49
PO100584,S11,Packaging,17.1,2024-04-15 16:15:52
PO100585,S09,Agro raw material,12.4,2024-04-16 12:07:22
PO100586,S09,Agro raw material,15.6,2024-04-16 12:47:59
PO100587,S07,Resin/Chemicals,21.3,2024-04-16 07:28:21
PO100588,S01,Packaging,10.3,2024-04-16 11:38:45
PO100589,S05,Spare parts,10.4,2024-04-16 12:06:45
PO100590,S10,Spare parts,24.5,2024-04-16 08:55:51
PO100591,S11,Packaging,15.1,2024-04-16 14:16:37
PO100592,S10,Spare parts,7.2,2024-04-16 16:38:34
PO100593,S02,Resin/Chemicals,6.6,2024-04-17 10:36:40
PO100594,S09,Agro raw material,6.8,2024-04-17 09:43:42
PO100595,S02,Resin/Chemicals,24.7,2024-04-17 06:08:37
PO100596,S12,Resin/Chemicals,19.7,2024-04-17 21:21:03
PO100597,S09,Agro raw material,10.3,2024-04-17 10:45:50
PO100598,S07,Resin/Chemicals,24.5,2024-04-17 07:10:59
PO100599,S11,Packaging,5.6,2024-04-17 12:24:50
PO100600,S04,Agro raw material,18.4,2024-04-17 09:49:21
PO100601,S07,Resin/Chemicals,14.6,2024-04-18 17:04:02
PO100602,S06,Packaging,10.2,2024-04-18 13:54:02
PO100603,S05,Spare parts,5.7,2024-04-18 10:40:13
PO100604,S07,Resin/Chemicals,11.8,2024-04-18 11:03:32
PO100605,S12,Resin/Chemicals,16.4,2024-04-18 11:49:30
PO100606,S11,Packaging,12.2,2024-04-18 20:25:21
PO100607,S07,Resin/Chemicals,10.4,2024-04-19 10:39:19
PO100608,S09,Agro raw material,27.6,2024-04-19 09:46:45
PO100609,S12,Resin/Chemicals,16.1,2024-04-19 20:19:26
PO100610,S02,Resin/Chemicals,20.2,2024-04-19 08:41:14
PO100611,S01,Packaging,27.6,2024-04-19 08:08:57
PO100612,S11,Packaging,15.2,2024-04-19 13:52:59
PO100613,S05,Spare parts,9.0,2024-04-19 17:59:31
PO100614,S10,Spare parts,22.5,2024-04-20 10:30:37
PO100615,S04,Agro raw material,19.4,2024-04-20 08:08:12
PO100616,S06,Packaging,23.7,2024-04-22 21:55:06
PO100617,S04,Agro raw material,7.7,2024-04-22 17:46:16
PO100618,S07,Resin/Chemicals,15.5,2024-04-22 09:10:53
PO100619,S01,Packaging,8.1,2024-04-22 08:52:31
PO100620,S11,Packaging,11.5,2024-04-22 17:44:20
PO100621,S03,Steel coil,14.0,2024-04-22 12:28:15
PO100622,S01,Packaging,23.2,2024-04-22 11:45:15
PO100623,S12,Resin/Chemicals,14.0,2024-04-22 20:31:33
PO100624,S12,Resin/Chemicals,9.6,2024-04-22 16:16:18
PO100625,S07,Resin/Chemicals,26.8,2024-04-22 14:36:17
PO100626,S05,Spare parts,12.9,2024-04-22 12:43:29
PO100627,S03,Steel coil,9.7,2024-04-22 09:00:13
PO100628,S05,Spare parts,27.9,2024-04-22 20:19:59
PO100629,S04,Agro raw material,6.9,2024-04-23 18:29:12
PO100630,S01,Packaging,14.9,2024-04-23 07:01:04
PO100631,S04,Agro raw material,8.9,2024-04-23 13:23:13
PO100632,S06,Packaging,14.1,2024-04-23 16:33:18
PO100633,S11,Packaging,7.7,2024-04-23 15:40:24
PO100634,S04,Agro raw material,12.1,2024-04-23 08:59:00
PO100635,S02,Resin/Chemicals,7.1,2024-04-23 10:24:57
PO100636,S11,Packaging,17.3,2024-04-23 11:50:12
PO100637,S02,Resin/Chemicals,27.3,2024-04-23 11:12:38
PO100638,S05,Spare parts,24.0,2024-04-24 12:30:07
PO100639,S12,Resin/Chemicals,25.2,2024-04-24 12:24:37
PO100640,S01,Packaging,15.7,2024-04-24 11:48:36
PO100641,S05,Spare parts,7.8,2024-04-24 19:12:02
PO100642,S06,Packaging,13.4,2024-04-24 19:45:15
PO100643,s04,Agro raw material,17.1,2024-04-24 11:50:21
PO100644,S12,Resin/Chemicals,5.6,2024-04-24 16:36:11
PO100645,S04,Agro raw material,12.9,2024-04-25 14:23:23
PO100646,S10,Spare parts,27.7,2024-04-25 11:41:53
PO100647,S05,Spare parts,15.1,2024-04-25 20:58:44
PO100648,S03,Steel coil,27.9,2024-04-25 12:29:32
PO100649,S11,Packaging,11.6,2024-04-25 14:47:15
PO100650,S02,Resin/Chemicals,20.1,2024-04-25 11:59:54
PO100651,S08,Steel coil,7.6,2024-04-26 06:19:42
PO100652,S02,Resin/Chemicals,27.7,2024-04-26 09:11:06
PO100653,S01,Packaging,19.1,2024-04-26 16:55:44
PO100654,S06,Packaging,9.4,2024-04-26 15:54:29
PO100655,S08,Steel coil,27.2,2024-04-26 15:26:42
PO100656,S12,Resin/Chemicals,24.9,2024-04-26 14:35:00
PO100657,S05,Spare parts,23.3,2024-04-26 17:58:17
PO100658,S07,Resin/Chemicals,17.4,2024-04-26 16:49:08
PO100659,S05,Spare parts,8.4,2024-04-26 17:20:47
PO100660,S06,Packaging,15.7,2024-04-26 15:20:34
PO100661,S05,Spare parts,19.5,2024-04-26 16:18:05
PO100662,S12,Resin/Chemicals,23.0,2024-04-27 15:44:02
PO100663,S08,Steel coil,16.4,2024-04-27 12:18:28
PO100664,S02,Resin/Chemicals,27.2,2024-04-28 10:17:34
PO100665,S03,Steel coil,15.6,2024-04-29 07:15:19
PO100666,S07,Resin/Chemicals,15.6,2024-04-29 16:59:08
PO100667,S02,Resin/Chemicals,14.7,2024-04-29 08:18:44
PO100668,S10,Spare parts,14.8,2024-04-29 17:42:03
PO100669,S04,Agro raw material,19.2,2024-04-29 08:10:50
PO100670,S08,Steel coil,8.9,2024-04-29 13:07:29
PO100671,S01,Packaging,11.3,2024-04-30 13:44:33
PO100672,S03,Steel coil,26.3,2024-04-30 11:21:15
PO100673,S11,Packaging,25.2,2024-04-30 13:46:21
PO100674,s06,Packaging,24.3,2024-04-30 20:19:48
PO100675,S02,Resin/Chemicals,6.9,2024-04-30 10:47:52
PO100676,s11,Packaging,16.7,2024-04-30 18:16:35
PO100677,S12,Resin/Chemicals,14.0,2024-04-30 20:29:46
PO100678,S09,Agro raw material,18.3,2024-05-01 11:37:12
PO100679,S12,Resin/Chemicals,13.1,2024-05-01 19:11:58
PO100680,S04,Agro raw material,20.5,2024-05-01 07:49:14
PO100681,S07,Resin/Chemicals,7.3,2024-05-01 10:47:59
PO100682,S07,Resin/Chemicals,20.2,2024-05-01 15:00:20
PO100683,S12,Resin/Chemicals,10.3,2024-05-01 18:51:22
PO100684,S07,Resin/Chemicals,22.5,2024-05-01 07:49:43
PO100685,S02,Resin/Chemicals,15.1,2024-05-01 13:10:06
PO100686,S05,Spare parts,5.2,2024-05-01 21:04:39
PO100687,S05,Spare parts,25.5,2024-05-01 12:11:27
PO100688,S04,Agro raw material,17.6,2024-05-02 09:58:13
PO100689,S04,Agro raw material,16.1,2024-05-02 14:41:03
PO100690,S02,Resin/Chemicals,27.9,2024-05-02 16:41:45
PO100691,S11,Packaging,25.0,2024-05-02 18:30:39
PO100692,S01,Packaging,23.8,2024-05-02 15:11:05
PO100693,S07,Resin/Chemicals,16.4,2024-05-02 07:05:34
PO100694,S01,Packaging,22.3,2024-05-03 07:10:07
PO100695,S04,Agro raw material,17.0,2024-05-03 08:06:06
PO100696,S10,Spare parts,21.9,2024-05-03 10:25:35
PO100697,S10,Spare parts,21.2,2024-05-03 16:19:16
PO100698,S05,Spare parts,17.9,2024-05-03 19:58:41
PO100699,S04,Agro raw material,23.6,2024-05-03 18:27:00
PO100700,S08,Steel coil,23.8,2024-05-03 12:36:43
PO100701,S05,Spare parts,9.7,2024-05-03 13:37:43
PO100702,s01,Packaging,6.7,2024-05-04 16:17:20
PO100703,S06,Packaging,8.6,2024-05-04 21:57:16
PO100704,S06,Packaging,10.1,2024-05-06 12:53:54
PO100705,S08,Steel coil,12.9,2024-05-06 15:59:27
PO100706,S01,Packaging,27.0,2024-05-06 13:54:54
PO100707,S01,Packaging,7.0,2024-05-06 09:45:05
PO100708,S10,Spare parts,21.2,2024-05-06 10:00:48
PO100709,S04,Agro raw material,18.5,2024-05-06 15:03:24
PO100710,S06,Packaging,14.4,2024-05-06 12:22:54
PO100711,s04,Agro raw material,18.7,2024-05-06 15:59:51
PO100712,S01,Packaging,9.2,2024-05-06 14:48:24
PO100713,S08,Steel coil,22.6,2024-05-07 09:23:17
PO100714,S05,Spare parts,24.6,2024-05-07 20:30:27
PO100715,S04,Agro raw material,24.1,2024-05-07 18:08:25
PO100716,S09,Agro raw material,5.1,2024-05-07 09:42:11
PO100717,S05,Spare parts,17.2,2024-05-07 17:33:50
PO100718,S12,Resin/Chemicals,15.4,2024-05-07 20:07:28
PO100719,S10,Spare parts,10.0,2024-05-07 13:15:18
PO100720,S08,Steel coil,20.3,2024-05-07 11:52:27
PO100721,S10,Spare parts,27.7,2024-05-07 07:32:27
PO100722,S03,Steel coil,17.8,2024-05-08 14:41:26
PO100723,S12,Resin/Chemicals,18.5,2024-05-08 16:27:56
PO100724,S08,Steel coil,26.5,2024-05-08 15:26:02
PO100725,S09,Agro raw material,27.3,2024-05-08 14:34:37
PO100726,S01,Packaging,18.1,2024-05-09 12:55:15
PO100727,S01,Packaging,15.1,2024-05-09 11:06:10
PO100728,S10,Spare parts,6.9,2024-05-09 11:38:40
PO100729,S11,Packaging,8.6,2024-05-09 17:43:57
PO100730,S09,Agro raw material,20.1,2024-05-09 10:55:33
PO100731,S12,Resin/Chemicals,27.4,2024-05-09 20:05:44
PO100732,S12,Resin/Chemicals,9.3,2024-05-09 18:48:05
PO100733,S12,Resin/Chemicals,5.1,2024-05-09 16:05:28
PO100734,S12,Resin/Chemicals,14.4,2024-05-09 22:22:05
PO100735,S01,Packaging,24.4,2024-05-10 07:01:33
PO100736,S03,Steel coil,12.0,2024-05-10 09:10:29
PO100737,S01,Packaging,12.4,2024-05-10 07:49:29
PO100738,S10,Spare parts,5.1,2024-05-11 18:29:13
PO100739,S08,Steel coil,16.5,2024-05-11 07:45:23
PO100740,S03,Steel coil,16.3,2024-05-11 12:30:37
PO100741,S06,Packaging,13.4,2024-05-11 21:28:36
PO100742,S01,Packaging,8.4,2024-05-13 13:19:21
PO100743,S08,Steel coil,27.7,2024-05-13 15:38:39
PO100744,S10,Spare parts,17.7,2024-05-13 11:18:22
PO100745,S02,Resin/Chemicals,13.3,2024-05-14 13:32:51
PO100746,S11,Packaging,6.6,2024-05-14 19:32:06
PO100747,S01,Packaging,11.8,2024-05-14 08:56:53
PO100748,S09,Agro raw material,25.3,2024-05-14 11:35:04
PO100749,S08,Steel coil,26.5,2024-05-14 09:15:36
PO100750,S11,Packaging,20.8,2024-05-14 14:19:25
PO100751,S01,Packaging,13.8,2024-05-14 09:50:29
PO100752,S05,Spare parts,21.5,2024-05-15 11:37:55
PO100753,S02,Resin/Chemicals,5.5,2024-05-15 07:59:07
PO100754,S03,Steel coil,11.6,2024-05-15 07:55:54
PO100755,S11,Packaging,27.6,2024-05-15 20:25:21
PO100756,S12,Resin/Chemicals,7.5,2024-05-15 21:16:23
PO100757,S03,Steel coil,20.6,2024-05-15 08:12:04
PO100758,S10,Spare parts,24.4,2024-05-15 10:50:24
PO100759,s12,Resin/Chemicals,5.8,2024-05-15 16:37:08
PO100760,S02,Resin/Chemicals,18.0,2024-05-16 13:10:42
PO100761,S09,Agro raw material,6.4,2024-05-16 11:41:47
PO100762,S09,Agro raw material,23.5,2024-05-16 13:58:39
PO100763,S05,Spare parts,21.5,2024-05-16 15:39:08
PO100764,S02,Resin/Chemicals,24.0,2024-05-16 08:12:49
PO100765,s11,Packaging,20.0,2024-05-17 21:02:50
PO100766,S08,Steel coil,22.5,2024-05-17 11:06:09
PO100767,S06,Packaging,9.2,2024-05-17 18:14:27
PO100768,S07,Resin/Chemicals,6.1,2024-05-17 11:44:51
PO100769,S10,Spare parts,27.2,2024-05-17 16:30:32
PO100770,S09,Agro raw material,10.9,2024-05-17 11:32:52
PO100771,S09,Agro raw material,15.8,2024-05-17 07:09:40
PO100772,S08,Steel coil,25.5,2024-05-17 08:07:53
PO100773,S07,Resin/Chemicals,18.7,2024-05-17 11:40:54
PO100774,S09,Agro raw material,5.1,2024-05-17 14:50:17
PO100775,S07,Resin/Chemicals,6.9,2024-05-17 12:11:57
PO100776,S04,Agro raw material,21.6,2024-05-18 14:39:43
PO100777,S05,Spare parts,13.2,2024-05-18 14:22:38
PO100778,S02,Resin/Chemicals,13.8,2024-05-20 09:15:00
PO100779,S10,Spare parts,21.1,2024-05-20 13:48:44
PO100780,S01,Packaging,15.9,2024-05-20 15:31:35
PO100781,S09,Agro raw material,23.2,2024-05-20 15:22:00
PO100782,S01,Packaging,21.4,2024-05-20 17:27:16
PO100783,S05,Spare parts,9.1,2024-05-20 12:24:11
PO100784,S11,Packaging,27.3,2024-05-20 17:35:36
PO100785,S04,Agro raw material,20.5,2024-05-20 08:47:23
PO100786,S12,Resin/Chemicals,9.9,2024-05-20 18:34:36
PO100787,S08,Steel coil,10.3,2024-05-20 10:23:41
PO100788,S07,Resin/Chemicals,7.7,2024-05-20 08:11:00
PO100789,S11,Packaging,15.2,2024-05-21 11:34:07
PO100790,S09,Agro raw material,12.0,2024-05-21 16:44:53
PO100791,S04,Agro raw material,8.5,2024-05-21 09:17:07
PO100792,S09,Agro raw material,14.7,2024-05-21 16:02:28
PO100793,S04,Agro raw material,25.3,2024-05-22 12:42:32
PO100794,S03,Steel coil,23.5,2024-05-22 08:46:00
PO100795,S09,Agro raw material,12.5,2024-05-22 15:41:57
PO100796,S04,Agro raw material,27.2,2024-05-22 10:29:21
PO100797,S05,Spare parts,12.5,2024-05-22 15:27:51
PO100798,S06,Packaging,24.0,2024-05-22 20:43:21
PO100799,S09,Agro raw material,18.8,2024-05-22 08:49:56
PO100800,S07,Resin/Chemicals,27.5,2024-05-22 07:12:42
PO100801,S06,Packaging,11.9,2024-05-22 21:42:04
PO100802,S10,Spare parts,5.7,2024-05-22 15:23:33
PO100803,S04,Agro raw material,22.7,2024-05-23 10:00:07
PO100804,S06,Packaging,23.8,2024-05-23 21:42:18
PO100805,S11,Packaging,19.5,2024-05-23 18:37:54
PO100806,S06,Packaging,19.1,2024-05-24 13:24:18
PO100807,S11,Packaging,7.0,2024-05-24 11:40:50
PO100808,S08,Steel coil,14.8,2024-05-24 15:31:44
PO100809,S03,Steel coil,10.0,2024-05-24 13:26:05
PO100810,S12,Resin/Chemicals,5.2,2024-05-24 17:50:57
PO100811,S04,Agro raw material,7.0,2024-05-25 09:41:09
PO100812,S06,Packaging,20.1,2024-05-25 18:55:47
PO100813,S05,Spare parts,6.9,2024-05-25 15:45:45
PO100814,S10,Spare parts,9.6,2024-05-25 10:33:26
PO100815,S12,Resin/Chemicals,25.4,2024-05-25 14:25:22
PO100816,S07,Resin/Chemicals,15.1,2024-05-27 12:43:00
PO100817,S06,Packaging,20.4,2024-05-27 15:10:24
PO100818,S03,Steel coil,9.9,2024-05-27 12:14:57
PO100819,S02,Resin/Chemicals,22.7,2024-05-27 12:13:00
PO100820,S06,Packaging,26.7,2024-05-27 12:18:38
PO100821,S02,Resin/Chemicals,18.3,2024-05-27 16:06:09
PO100822,S01,Packaging,15.4,2024-05-27 09:46:41
PO100823,S03,Steel coil,19.5,2024-05-27 14:18:25
PO100824,S05,Spare parts,18.3,2024-05-27 12:00:18
PO100825,S06,Packaging,24.7,2024-05-28 15:44:29
PO100826,S03,Steel coil,11.9,2024-05-28 16:56:17
PO100827,S03,Steel coil,22.7,2024-05-28 10:41:09
PO100828,S02,Resin/Chemicals,23.7,2024-05-28 09:47:50
PO100829,S05,Spare parts,19.2,2024-05-28 14:05:26
PO100830,S01,Packaging,10.7,2024-05-28 11:05:24
PO100831,S09,Agro raw material,18.6,2024-05-28 07:18:27
PO100832,S09,Agro raw material,17.8,2024-05-28 17:58:29
PO100833,S12,Resin/Chemicals,23.9,2024-05-28 14:45:36
PO100834,S03,Steel coil,26.3,2024-05-29 07:53:22
PO100835,S03,Steel coil,21.0,2024-05-29 08:10:27
PO100836,S03,Steel coil,10.9,2024-05-29 09:51:51
PO100837,S04,Agro raw material,7.2,2024-05-29 11:14:00
PO100838,S03,Steel coil,15.0,2024-05-29 15:21:57
PO100839,S11,Packaging,16.0,2024-05-29 13:06:25
PO100840,S06,Packaging,15.1,2024-05-29 15:04:59
PO100841,S09,Agro raw material,16.8,2024-05-29 07:44:17
PO100842,S06,Packaging,18.5,2024-05-29 17:39:21
PO100843,S12,Resin/Chemicals,12.0,2024-05-30 17:38:05
PO100844,S06,Packaging,6.4,2024-05-30 16:19:00
PO100845,S07,Resin/Chemicals,15.4,2024-05-31 08:52:39
PO100846,S01,Packaging,22.7,2024-05-31 15:55:37
PO100847,S09,Agro raw material,8.3,2024-05-31 09:32:34
PO100848,S01,Packaging,12.1,2024-05-31 11:43:43
PO100849,S05,Spare parts,7.9,2024-05-31 19:02:26
PO100850,S07,Resin/Chemicals,19.3,2024-05-31 12:14:58
PO100851,S09,Agro raw material,24.3,2024-06-01 14:03:46
PO100852,s06,Packaging,19.2,2024-06-01 19:46:02
PO100853,S02,Resin/Chemicals,14.4,2024-06-01 12:30:41
PO100854,S09,Agro raw material,11.6,2024-06-01 13:45:36
PO100855,S08,Steel coil,11.5,2024-06-01 07:29:30
PO100856,S07,Resin/Chemicals,22.2,2024-06-01 13:48:54
PO100857,S12,Resin/Chemicals,21.3,2024-06-03 13:57:41
PO100858,S04,Agro raw material,21.9,2024-06-03 17:20:24
PO100859,S11,Packaging,14.5,2024-06-03 21:20:27
PO100860,S03,Steel coil,10.6,2024-06-03 14:05:46
PO100861,S08,Steel coil,17.3,2024-06-03 12:44:16
PO100862,S02,Resin/Chemicals,8.3,2024-06-03 11:54:09
PO100863,S07,Resin/Chemicals,27.5,2024-06-03 14:27:36
PO100864,S05,Spare parts,16.6,2024-06-04 20:25:08
PO100865,S03,Steel coil,19.9,2024-06-04 14:18:47
PO100866,S09,Agro raw material,19.1,2024-06-04 17:15:06
PO100867,S03,Steel coil,23.4,2024-06-04 17:12:25
PO100868,S07,Resin/Chemicals,25.6,2024-06-04 08:48:46
PO100869,S11,Packaging,5.4,2024-06-04 10:32:16
PO100870,S11,Packaging,26.4,2024-06-04 19:22:38
PO100871,S08,Steel coil,14.7,2024-06-04 10:06:25
PO100872,S05,Spare parts,27.5,2024-06-04 13:36:00
PO100873,S03,Steel coil,6.1,2024-06-05 14:23:12
PO100874,S05,Spare parts,17.8,2024-06-05 19:47:36
PO100875,S02,Resin/Chemicals,24.7,2024-06-05 08:32:02
PO100876,S04,Agro raw material,10.2,2024-06-05 17:34:35
PO100877,S09,Agro raw material,20.8,2024-06-05 11:22:26
PO100878,S12,Resin/Chemicals,7.7,2024-06-06 13:33:03
PO100879,S12,Resin/Chemicals,5.1,2024-06-06 11:40:48
PO100880,S04,Agro raw material,14.3,2024-06-06 16:29:28
PO100881,S06,Packaging,5.0,2024-06-06 20:23:29
PO100882,S06,Packaging,25.1,2024-06-06 12:34:45
PO100883,S07,Resin/Chemicals,19.0,2024-06-06 09:10:54
PO100884,S09,Agro raw material,18.9,2024-06-07 17:09:38
PO100885,S12,Resin/Chemicals,15.3,2024-06-07 20:35:41
PO100886,S05,Spare parts,14.1,2024-06-07 16:02:21
PO100887,S01,Packaging,13.2,2024-06-07 14:36:02
PO100888,S02,Resin/Chemicals,15.6,2024-06-07 08:02:21
PO100889,S08,Steel coil,14.9,2024-06-07 09:10:34
PO100890,S05,Spare parts,18.5,2024-06-07 17:09:50
PO100891,S01,Packaging,15.0,2024-06-07 11:59:41
PO100892,S03,Steel coil,27.8,2024-06-07 17:58:32
PO100893,S06,Packaging,12.5,2024-06-08 15:23:33
PO100894,S08,Steel coil,10.7,2024-06-08 07:28:55
PO100895,S10,Spare parts,22.4,2024-06-08 16:44:09
PO100896,S01,Packaging,18.7,2024-06-09 16:40:45
PO100897,S04,Agro raw material,25.0,2024-06-09 16:26:31
PO100898,S11,Packaging,21.9,2024-06-10 11:08:52
PO100899,S12,Resin/Chemicals,17.7,2024-06-10 11:48:31
PO100900,S09,Agro raw material,14.5,2024-06-10 10:48:19
PO100901,S08,Steel coil,16.1,2024-06-10 09:43:22
PO100902,S09,Agro raw material,26.7,2024-06-10 09:20:18
PO100903,S06,Packaging,19.9,2024-06-10 20:03:47
PO100904,S07,Resin/Chemicals,18.8,2024-06-10 17:26:01
PO100905,S10,Spare parts,8.3,2024-06-10 13:01:02
PO100906,S08,Steel coil,5.8,2024-06-11 15:05:11
PO100907,S10,Spare parts,20.8,2024-06-11 08:17:27
PO100908,S12,Resin/Chemicals,21.5,2024-06-11 17:59:48
PO100909,S12,Resin/Chemicals,13.1,2024-06-11 20:29:35
PO100910,S10,Spare parts,16.3,2024-06-11 11:42:15
PO100911,S12,Resin/Chemicals,13.4,2024-06-12 16:08:09
PO100912,S01,Packaging,21.2,2024-06-12 12:24:22
PO100913,S03,Steel coil,10.9,2024-06-12 07:42:12
PO100914,S11,Packaging,12.1,2024-06-12 16:36:32
PO100915,S03,Steel coil,11.5,2024-06-12 13:15:58
PO100916,S05,Spare parts,21.2,2024-06-12 11:55:10
PO100917,S09,Agro raw material,15.1,2024-06-12 12:03:38
PO100918,S10,Spare parts,23.2,2024-06-12 14:37:36
PO100919,S05,Spare parts,11.9,2024-06-12 19:34:01
PO100920,S10,Spare parts,25.2,2024-06-12 07:48:02
PO100921,S07,Resin/Chemicals,14.2,2024-06-12 16:05:27
PO100922,S12,Resin/Chemicals,16.5,2024-06-12 21:10:54
PO100923,S09,Agro raw material,7.1,2024-06-13 17:35:44
PO100924,S09,Agro raw material,12.4,2024-06-13 09:08:29
PO100925,S06,Packaging,15.1,2024-06-13 21:52:35
PO100926,S03,Steel coil,8.6,2024-06-13 08:57:30
PO100927,S03,Steel coil,26.2,2024-06-13 09:30:01
PO100928,S07,Resin/Chemicals,27.5,2024-06-14 17:03:07
PO100929,S10,Spare parts,11.6,2024-06-14 16:36:25
PO100930,S06,Packaging,6.9,2024-06-14 20:19:58
PO100931,S07,Resin/Chemicals,14.9,2024-06-14 08:02:08
PO100932,S01,Packaging,17.9,2024-06-14 11:01:22
PO100933,S08,Steel coil,25.4,2024-06-14 12:37:10
PO100934,S02,Resin/Chemicals,8.3,2024-06-15 14:56:10
PO100935,S04,Agro raw material,7.0,2024-06-15 10:25:57
PO100936,S01,Packaging,24.0,2024-06-16 09:15:02
PO100937,S12,Resin/Chemicals,21.7,2024-06-17 16:05:42
PO100938,S01,Packaging,16.5,2024-06-17 12:03:35
PO100939,S09,Agro raw material,21.1,2024-06-17 10:37:24
PO100940,S09,Agro raw material,21.9,2024-06-17 10:04:45
PO100941,S06,Packaging,27.1,2024-06-17 20:22:56
PO100942,S11,Packaging,13.1,2024-06-17 19:11:03
PO100943,S05,Spare parts,6.1,2024-06-18 14:00:49
PO100944,S10,Spare parts,22.7,2024-06-18 18:01:08
PO100945,S12,Resin/Chemicals,5.5,2024-06-18 14:57:46
PO100946,S11,Packaging,18.7,2024-06-18 11:36:14
PO100947,S04,Agro raw material,7.6,2024-06-18 14:52:54
PO100948,S01,Packaging,5.2,2024-06-18 08:13:08
PO100949,S04,Agro raw material,10.1,2024-06-19 12:02:38
PO100950,S11,Packaging,11.6,2024-06-19 17:22:30
PO100951,S06,Packaging,13.7,2024-06-19 12:28:38
PO100952,S09,Agro raw material,5.9,2024-06-19 13:58:00
PO100953,S06,Packaging,9.8,2024-06-19 12:24:53
PO100954,S10,Spare parts,11.8,2024-06-19 13:26:18
PO100955,S04,Agro raw material,5.0,2024-06-20 15:10:34
PO100956,S08,Steel coil,18.3,2024-06-20 09:57:30
PO100957,S08,Steel coil,26.6,2024-06-20 13:57:25
PO100958,S12,Resin/Chemicals,10.2,2024-06-21 12:27:50
PO100959,S06,Packaging,16.6,2024-06-21 21:59:57
PO100960,S08,Steel coil,11.2,2024-06-21 12:11:19
PO100961,S04,Agro raw material,10.9,2024-06-21 09:30:17
PO100962,S06,Packaging,20.7,2024-06-21 15:18:34
PO100963,S11,Packaging,17.0,2024-06-21 20:27:44
PO100964,S05,Spare parts,11.0,2024-06-22 19:17:59
PO100965,S11,Packaging,13.9,2024-06-22 18:27:34
PO100966,S05,Spare parts,21.5,2024-06-22 10:53:17
PO100967,S12,Resin/Chemicals,26.8,2024-06-22 19:30:11
PO100968,S09,Agro raw material,16.6,2024-06-24 14:02:03
PO100969,S10,Spare parts,23.9,2024-06-24 10:46:53
PO100970,S06,Packaging,19.2,2024-06-24 20:19:05
PO100971,S10,Spare parts,22.1,2024-06-24 07:44:12
PO100972,S11,Packaging,17.4,2024-06-25 18:58:01
PO100973,S09,Agro raw material,27.3,2024-06-25 15:45:00
PO100974,S05,Spare parts,5.9,2024-06-25 15:45:22
PO100975,S09,Agro raw material,26.3,2024-06-26 16:22:25
PO100976,S04,Agro raw material,20.0,2024-06-26 16:03:02
PO100977,S04,Agro raw material,5.9,2024-06-26 14:52:22
PO100978,S11,Packaging,23.3,2024-06-26 18:20:50
PO100979,S06,Packaging,19.8,2024-06-26 20:29:40
PO100980,S09,Agro raw material,8.1,2024-06-27 15:42:21
PO100981,S06,Packaging,11.6,2024-06-27 19:03:03
PO100982,S09,Agro raw material,12.1,2024-06-27 12:32:19
PO100983,S03,Steel coil,5.1,2024-06-27 15:44:50
PO100984,S11,Packaging,18.1,2024-06-27 15:44:34
PO100985,S01,Packaging,25.3,2024-06-27 06:42:33
PO100986,S04,Agro raw material,6.6,2024-06-27 16:56:11
PO100987,S01,Packaging,20.9,2024-06-27 10:36:26
PO100988,S08,Steel coil,25.8,2024-06-28 08:15:58
PO100989,S08,Steel coil,23.0,2024-06-28 08:41:53
PO100990,S04,Agro raw material,22.1,2024-06-28 17:21:00
PO100991,S12,Resin/Chemicals,7.5,2024-06-28 12:00:39
PO100992,S12,Resin/Chemicals,6.6,2024-06-28 16:24:05
PO100993,S10,Spare parts,26.8,2024-06-28 10:37:38
PO100994,S12,Resin/Chemicals,18.5,2024-06-28 17:34:38
PO100995,S06,Packaging,10.8,2024-06-29 19:05:01
PO100996,S05,Spare parts,14.6,2024-06-29 13:57:04
PO100997,S12,Resin/Chemicals,19.9,2024-06-29 16:39:17
PO100998,S05,Spare parts,21.8,2024-06-29 19:46:46
PO100999,S08,Steel coil,7.7,2024-06-29 09:47:44
PO101000,S06,Packaging,26.0,2024-06-30 16:16:10
PO101001,S03,Steel coil,21.1,2024-07-01 10:14:45
PO101002,S01,Packaging,6.5,2024-07-01 09:19:23
PO101003,S10,Spare parts,8.5,2024-07-01 08:31:52
PO101004,S07,Resin/Chemicals,15.1,2024-07-01 13:30:49
PO101005,S08,Steel coil,14.2,2024-07-01 09:56:51
PO101006,S10,Spare parts,22.0,2024-07-02 09:08:12
PO101007,S10,Spare parts,24.0,2024-07-02 14:12:17
PO101008,S07,Resin/Chemicals,14.8,2024-07-02 07:53:44
PO101009,s01,Packaging,13.4,2024-07-02 10:30:28
PO101010,S06,Packaging,25.4,2024-07-02 20:11:35
PO101011,S06,Packaging,22.9,2024-07-02 17:47:07
PO101012,S07,Resin/Chemicals,13.2,2024-07-03 07:52:07
PO101013,S05,Spare parts,11.6,2024-07-03 11:55:24
PO101014,S12,Resin/Chemicals,25.8,2024-07-03 15:19:51
PO101015,S04,Agro raw material,16.8,2024-07-04 11:28:05
PO101016,S12,Resin/Chemicals,14.4,2024-07-04 16:15:01
PO101017,S02,Resin/Chemicals,13.7,2024-07-04 10:29:17
PO101018,S04,Agro raw material,25.8,2024-07-04 16:58:50
PO101019,S02,Resin/Chemicals,6.1,2024-07-04 11:10:48
PO101020,S12,Resin/Chemicals,18.3,2024-07-04 18:35:09
PO101021,S11,Packaging,11.2,2024-07-04 14:55:58
PO101022,S02,Resin/Chemicals,26.0,2024-07-05 12:29:12
PO101023,S02,Resin/Chemicals,21.4,2024-07-05 14:17:09
PO101024,S07,Resin/Chemicals,9.7,2024-07-05 17:04:44
PO101025,S06,Packaging,18.3,2024-07-05 19:51:52
PO101026,S03,Steel coil,13.1,2024-07-05 17:54:20
PO101027,S01,Packaging,15.0,2024-07-05 15:07:44
PO101028,S05,Spare parts,15.1,2024-07-05 10:30:55
PO101029,S09,Agro raw material,8.7,2024-07-06 08:03:55
PO101030,S09,Agro raw material,8.4,2024-07-06 14:06:35
PO101031,S12,Resin/Chemicals,16.3,2024-07-07 18:12:45
PO101032,S04,Agro raw material,22.3,2024-07-07 08:22:51
PO101033,S12,Resin/Chemicals,5.3,2024-07-08 22:00:15
PO101034,S03,Steel coil,11.9,2024-07-08 07:07:43
PO101035,S02,Resin/Chemicals,25.2,2024-07-08 11:36:11
PO101036,S08,Steel coil,15.6,2024-07-08 10:38:23
PO101037,S12,Resin/Chemicals,25.9,2024-07-09 16:24:55
PO101038,S01,Packaging,24.5,2024-07-09 12:51:43
PO101039,S12,Resin/Chemicals,18.9,2024-07-09 21:19:11
PO101040,S09,Agro raw material,21.9,2024-07-09 08:40:30
PO101041,S12,Resin/Chemicals,9.8,2024-07-09 18:29:57
PO101042,S10,Spare parts,13.9,2024-07-10 10:26:15
PO101043,S04,Agro raw material,7.2,2024-07-10 15:14:55
PO101044,S07,Resin/Chemicals,9.7,2024-07-10 09:17:47
PO101045,S05,Spare parts,26.1,2024-07-10 11:36:00
PO101046,S12,Resin/Chemicals,15.3,2024-07-10 17:19:29
PO101047,s02,Resin/Chemicals,6.5,2024-07-10 13:19:23
PO101048,S03,Steel coil,12.4,2024-07-10 16:42:38
PO101049,S04,Agro raw material,11.6,2024-07-10 18:16:07
PO101050,S03,Steel coil,14.9,2024-07-11 07:47:07
PO101051,S06,Packaging,23.1,2024-07-11 19:06:40
PO101052,S08,Steel coil,24.6,2024-07-11 15:53:43
PO101053,S05,Spare parts,19.4,2024-07-11 18:17:30
PO101054,S03,Steel coil,5.8,2024-07-11 16:11:48
PO101055,S09,Agro raw material,17.8,2024-07-12 13:40:48
PO101056,S08,Steel coil,14.9,2024-07-12 06:33:41
PO101057,S07,Resin/Chemicals,8.8,2024-07-12 09:12:06
PO101058,S06,Packaging,15.7,2024-07-12 14:34:21
PO101059,S11,Packaging,18.3,2024-07-13 18:17:05
PO101060,S12,Resin/Chemicals,15.0,2024-07-13 12:31:49
PO101061,S05,Spare parts,8.6,2024-07-15 13:55:22
PO101062,S02,Resin/Chemicals,16.5,2024-07-15 11:46:00
PO101063,S10,Spare parts,22.1,2024-07-15 08:15:24
PO101064,S11,Packaging,17.6,2024-07-15 11:07:57
PO101065,S06,Packaging,20.8,2024-07-15 17:51:10
PO101066,S06,Packaging,11.2,2024-07-16 18:34:47
PO101067,S09,Agro raw material,22.7,2024-07-16 07:19:11
PO101068,S08,Steel coil,21.5,2024-07-16 08:40:16
PO101069,S10,Spare parts,5.2,2024-07-16 10:20:36
PO101070,S07,Resin/Chemicals,12.8,2024-07-16 09:17:17
PO101071,S01,Packaging,26.0,2024-07-16 13:58:04
PO101072,s02,Resin/Chemicals,17.5,2024-07-17 07:09:25
PO101073,S09,Agro raw material,25.7,2024-07-17 16:26:28
PO101074,S10,Spare parts,12.9,2024-07-17 07:52:37
PO101075,S09,Agro raw material,11.8,2024-07-17 11:11:06
PO101076,S08,Steel coil,5.1,2024-07-17 11:49:10
PO101077,S04,Agro raw material,15.4,2024-07-17 17:31:14
PO101078,S01,Packaging,27.1,2024-07-17 13:44:02
PO101079,S04,Agro raw material,17.1,2024-07-18 08:12:04
PO101080,S09,Agro raw material,13.7,2024-07-18 08:30:48
PO101081,S01,Packaging,9.0,2024-07-18 10:38:52
PO101082,S10,Spare parts,22.5,2024-07-18 15:35:13
PO101083,S04,Agro raw material,5.6,2024-07-19 18:18:03
PO101084,S06,Packaging,9.4,2024-07-19 14:06:48
PO101085,S02,Resin/Chemicals,27.7,2024-07-19 06:44:27
PO101086,S10,Spare parts,27.3,2024-07-19 16:25:10
PO101087,S07,Resin/Chemicals,10.6,2024-07-19 08:28:46
PO101088,S02,Resin/Chemicals,23.3,2024-07-19 11:03:48
PO101089,S02,Resin/Chemicals,23.2,2024-07-19 16:27:34
PO101090,S09,Agro raw material,25.3,2024-07-20 07:24:16
PO101091,S11,Packaging,6.7,2024-07-20 11:48:02
PO101092,S07,Resin/Chemicals,16.9,2024-07-20 14:00:18
PO101093,S12,Resin/Chemicals,7.8,2024-07-21 12:11:07
PO101094,S05,Spare parts,13.0,2024-07-21 21:03:16
PO101095,S03,Steel coil,9.9,2024-07-22 13:43:19
PO101096,S09,Agro raw material,20.7,2024-07-22 12:41:15
PO101097,S04,Agro raw material,26.4,2024-07-22 09:35:32
PO101098,S12,Resin/Chemicals,23.3,2024-07-22 20:29:06
PO101099,S05,Spare parts,23.9,2024-07-23 13:12:20
PO101100,S04,Agro raw material,7.8,2024-07-23 16:21:48
PO101101,S11,Packaging,8.2,2024-07-23 12:09:40
PO101102,S06,Packaging,21.7,2024-07-23 14:22:59
PO101103,S12,Resin/Chemicals,22.9,2024-07-23 17:26:46
PO101104,S10,Spare parts,26.2,2024-07-23 09:19:50
PO101105,S04,Agro raw material,11.8,2024-07-23 17:06:02
PO101106,S11,Packaging,20.4,2024-07-23 14:54:23
PO101107,S09,Agro raw material,22.0,2024-07-23 09:38:54
PO101108,S12,Resin/Chemicals,10.4,2024-07-23 22:03:12
PO101109,S09,Agro raw material,10.7,2024-07-23 10:38:07
PO101110,S01,Packaging,5.6,2024-07-24 09:32:51
PO101111,S07,Resin/Chemicals,15.9,2024-07-24 09:08:18
PO101112,S11,Packaging,8.6,2024-07-24 19:02:56
PO101113,S09,Agro raw material,23.4,2024-07-24 11:41:12
PO101114,S06,Packaging,25.4,2024-07-24 14:46:45
PO101115,S02,Resin/Chemicals,23.0,2024-07-25 08:13:10
PO101116,S06,Packaging,19.1,2024-07-25 13:05:43
PO101117,S11,Packaging,20.1,2024-07-25 11:31:43
PO101118,S05,Spare parts,16.7,2024-07-25 10:50:25
PO101119,S02,Resin/Chemicals,6.1,2024-07-25 16:34:04
PO101120,S01,Packaging,9.8,2024-07-26 12:06:19
PO101121,S08,Steel coil,13.1,2024-07-26 09:13:26
PO101122,S04,Agro raw material,21.6,2024-07-26 16:48:02
PO101123,S01,Packaging,25.6,2024-07-26 10:53:36
PO101124,S07,Resin/Chemicals,12.3,2024-07-26 10:55:04
PO101125,S03,Steel coil,9.6,2024-07-26 12:57:30
PO101126,S11,Packaging,17.6,2024-07-27 21:02:26
PO101127,S02,Resin/Chemicals,7.6,2024-07-27 13:47:58
PO101128,S01,Packaging,22.6,2024-07-27 11:31:00
PO101129,S01,Packaging,19.1,2024-07-27 17:12:00
PO101130,S08,Steel coil,13.7,2024-07-28 13:11:19
PO101131,S06,Packaging,25.5,2024-07-28 21:44:16
PO101132,S04,Agro raw material,24.7,2024-07-29 08:45:35
PO101133,S08,Steel coil,10.3,2024-07-29 15:33:38
PO101134,S08,Steel coil,9.1,2024-07-29 12:20:11
PO101135,S04,Agro raw material,15.4,2024-07-29 11:52:02
PO101136,S06,Packaging,17.6,2024-07-29 18:18:41
PO101137,S09,Agro raw material,8.4,2024-07-29 13:10:37
PO101138,S01,Packaging,27.2,2024-07-29 11:35:50
PO101139,S12,Resin/Chemicals,16.9,2024-07-29 19:20:18
PO101140,S01,Packaging,15.6,2024-07-29 12:05:58
PO101141,S12,Resin/Chemicals,15.2,2024-07-29 14:30:38
PO101142,S01,Packaging,26.3,2024-07-29 15:45:14
PO101143,S06,Packaging,22.2,2024-07-30 15:06:32
PO101144,S03,Steel coil,16.0,2024-07-30 08:25:59
PO101145,S10,Spare parts,24.8,2024-07-30 08:24:12
PO101146,S04,Agro raw material,25.5,2024-07-30 14:08:35
PO101147,S08,Steel coil,7.7,2024-07-30 06:03:00
PO101148,S02,Resin/Chemicals,10.9,2024-07-30 10:44:14
PO101149,S12,Resin/Chemicals,15.2,2024-07-30 15:29:37
PO101150,S11,Packaging,9.0,2024-07-30 18:03:36
PO101151,S11,Packaging,15.9,2024-07-30 17:43:35
PO101152,S09,Agro raw material,27.0,2024-07-30 17:01:55
PO101153,S11,Packaging,26.5,2024-07-30 16:05:39
PO101154,S07,Resin/Chemicals,12.7,2024-07-30 07:34:21
PO101155,S07,Resin/Chemicals,23.9,2024-07-31 12:14:16
PO101156,S12,Resin/Chemicals,21.4,2024-07-31 20:18:10
PO101157,S04,Agro raw material,27.6,2024-07-31 13:46:36
PO101158,S04,Agro raw material,9.7,2024-07-31 14:32:45
PO101159,S05,Spare parts,15.1,2024-07-31 15:26:34
PO101160,S03,Steel coil,12.1,2024-08-01 07:04:04
PO101161,S05,Spare parts,12.5,2024-08-01 16:40:29
PO101162,S10,Spare parts,11.4,2024-08-01 12:10:20
PO101163,S07,Resin/Chemicals,12.1,2024-08-01 17:21:55
PO101164,S09,Agro raw material,16.4,2024-08-01 08:16:41
PO101165,S12,Resin/Chemicals,27.5,2024-08-01 15:46:38
PO101166,S09,Agro raw material,9.7,2024-08-01 08:56:40
PO101167,S04,Agro raw material,18.2,2024-08-02 17:14:37
PO101168,S01,Packaging,12.5,2024-08-02 09:44:22
PO101169,S06,Packaging,22.0,2024-08-02 21:55:39
PO101170,S11,Packaging,24.6,2024-08-02 12:20:42
PO101171,S02,Resin/Chemicals,22.0,2024-08-02 09:57:27
PO101172,S01,Packaging,15.5,2024-08-02 10:19:03
PO101173,S03,Steel coil,15.2,2024-08-03 15:09:32
PO101174,S10,Spare parts,6.1,2024-08-03 13:29:51
PO101175,S09,Agro raw material,20.3,2024-08-05 15:40:47
PO101176,S08,Steel coil,25.9,2024-08-05 07:17:03
PO101177,S12,Resin/Chemicals,6.2,2024-08-05 13:23:59
PO101178,S02,Resin/Chemicals,15.4,2024-08-05 14:57:14
PO101179,S05,Spare parts,9.2,2024-08-05 10:31:34
PO101180,S01,Packaging,19.3,2024-08-05 12:44:54
PO101181,S08,Steel coil,8.8,2024-08-06 10:48:21
PO101182,S04,Agro raw material,12.0,2024-08-06 15:01:21
PO101183,S10,Spare parts,15.1,2024-08-06 18:17:21
PO101184,S03,Steel coil,17.5,2024-08-06 15:08:54
PO101185,S08,Steel coil,21.7,2024-08-06 07:07:58
PO101186,S09,Agro raw material,12.3,2024-08-06 14:03:15
PO101187,S12,Resin/Chemicals,26.1,2024-08-06 20:58:16
PO101188,S07,Resin/Chemicals,7.1,2024-08-06 17:22:21
PO101189,S11,Packaging,16.8,2024-08-07 20:59:34
PO101190,S03,Steel coil,8.7,2024-08-07 17:19:02
PO101191,S07,Resin/Chemicals,19.6,2024-08-07 15:01:06
PO101192,S06,Packaging,24.0,2024-08-07 18:09:26
PO101193,S06,Packaging,8.1,2024-08-07 20:24:41
PO101194,S08,Steel coil,18.4,2024-08-08 16:51:00
PO101195,S09,Agro raw material,27.7,2024-08-08 07:50:12
PO101196,S11,Packaging,22.7,2024-08-08 20:08:27
PO101197,S12,Resin/Chemicals,14.3,2024-08-08 13:36:21
PO101198,S03,Steel coil,5.2,2024-08-08 15:27:54
PO101199,S02,Resin/Chemicals,17.4,2024-08-08 10:32:44
PO101200,S10,Spare parts,13.4,2024-08-09 09:03:34
PO101201,S03,Steel coil,6.9,2024-08-09 12:42:38
PO101202,S06,Packaging,23.5,2024-08-09 16:24:20
PO101203,S02,Resin/Chemicals,19.1,2024-08-09 10:51:58
PO101204,S05,Spare parts,25.5,2024-08-09 11:26:38
PO101205,S09,Agro raw material,24.3,2024-08-09 16:38:10
PO101206,S07,Resin/Chemicals,11.3,2024-08-10 13:24:39
PO101207,S05,Spare parts,12.8,2024-08-10 21:25:52
PO101208,S11,Packaging,9.6,2024-08-10 21:01:47
PO101209,S05,Spare parts,7.4,2024-08-12 16:20:00
PO101210,S11,Packaging,10.9,2024-08-12 20:38:40
PO101211,S10,Spare parts,21.2,2024-08-12 11:02:45
PO101212,S10,Spare parts,11.4,2024-08-12 16:12:24
PO101213,S10,Spare parts,16.4,2024-08-12 07:59:28
PO101214,S07,Resin/Chemicals,9.4,2024-08-12 08:20:09
PO101215,S02,Resin/Chemicals,13.6,2024-08-13 12:03:04
PO101216,S02,Resin/Chemicals,15.5,2024-08-13 14:48:08
PO101217,S04,Agro raw material,11.6,2024-08-13 12:38:25
PO101218,S10,Spare parts,5.6,2024-08-13 08:53:22
PO101219,S08,Steel coil,19.6,2024-08-13 09:32:34
PO101220,S07,Resin/Chemicals,21.8,2024-08-13 13:08:42
PO101221,S02,Resin/Chemicals,11.2,2024-08-13 15:33:45
PO101222,S12,Resin/Chemicals,21.9,2024-08-14 11:30:32
PO101223,S03,Steel coil,5.4,2024-08-14 13:34:58
PO101224,S07,Resin/Chemicals,27.6,2024-08-15 14:52:50
PO101225,S01,Packaging,7.8,2024-08-15 11:23:59
PO101226,S02,Resin/Chemicals,7.5,2024-08-16 06:03:42
PO101227,S08,Steel coil,6.7,2024-08-16 08:28:01
PO101228,S07,Resin/Chemicals,14.7,2024-08-16 15:04:35
PO101229,S08,Steel coil,10.5,2024-08-16 15:11:29
PO101230,S02,Resin/Chemicals,21.0,2024-08-16 14:16:50
PO101231,S08,Steel coil,25.3,2024-08-16 12:54:10
PO101232,S06,Packaging,21.6,2024-08-16 13:41:25
PO101233,S12,Resin/Chemicals,27.0,2024-08-16 19:50:12
PO101234,S08,Steel coil,21.7,2024-08-17 08:02:42
PO101235,S12,Resin/Chemicals,25.8,2024-08-17 18:29:03
PO101236,S11,Packaging,11.5,2024-08-17 14:20:01
PO101237,S12,Resin/Chemicals,21.2,2024-08-18 16:36:07
PO101238,S11,Packaging,27.8,2024-08-18 13:54:17
PO101239,S10,Spare parts,12.7,2024-08-18 11:59:32
PO101240,S10,Spare parts,15.5,2024-08-19 11:45:21
PO101241,S09,Agro raw material,17.9,2024-08-19 10:17:51
PO101242,S11,Packaging,21.1,2024-08-19 18:23:45
PO101243,S03,Steel coil,20.4,2024-08-20 12:59:07
PO101244,S09,Agro raw material,5.7,2024-08-20 13:59:31
PO101245,s11,Packaging,5.0,2024-08-20 20:15:16
PO101246,S04,Agro raw material,14.1,2024-08-20 17:55:30
PO101247,S08,Steel coil,23.4,2024-08-20 11:18:53
PO101248,S02,Resin/Chemicals,23.9,2024-08-20 15:37:53
PO101249,S05,Spare parts,12.2,2024-08-20 16:36:38
PO101250,S04,Agro raw material,16.1,2024-08-20 15:22:56
PO101251,S06,Packaging,25.1,2024-08-20 21:44:03
PO101252,S10,Spare parts,9.5,2024-08-21 10:56:46
PO101253,S08,Steel coil,13.2,2024-08-21 16:35:35
PO101254,S05,Spare parts,25.7,2024-08-21 20:34:18
PO101255,S04,Agro raw material,25.8,2024-08-21 07:38:00
PO101256,S07,Resin/Chemicals,9.0,2024-08-21 07:18:46
PO101257,S03,Steel coil,22.0,2024-08-22 14:03:05
PO101258,S03,Steel coil,10.7,2024-08-22 11:22:05
PO101259,S08,Steel coil,19.9,2024-08-22 14:17:17
PO101260,S03,Steel coil,10.2,2024-08-22 16:47:09
PO101261,S02,Resin/Chemicals,9.0,2024-08-22 08:29:26
PO101262,S05,Spare parts,6.9,2024-08-22 11:38:10
PO101263,S05,Spare parts,12.6,2024-08-22 18:56:31
PO101264,S11,Packaging,21.2,2024-08-22 18:53:26
PO101265,S01,Packaging,18.3,2024-08-23 14:15:30
PO101266,S06,Packaging,18.9,2024-08-23 22:12:02
PO101267,S09,Agro raw material,16.3,2024-08-24 13:02:04
PO101268,S08,Steel coil,11.2,2024-08-26 10:52:59
PO101269,S06,Packaging,18.7,2024-08-26 12:33:33
PO101270,S10,Spare parts,12.3,2024-08-26 11:10:23
PO101271,S01,Packaging,24.2,2024-08-26 12:37:13
PO101272,S01,Packaging,16.1,2024-08-26 11:20:27
PO101273,S12,Resin/Chemicals,15.2,2024-08-26 15:34:08
PO101274,S02,Resin/Chemicals,20.6,2024-08-27 06:01:32
PO101275,S06,Packaging,13.0,2024-08-28 12:14:27
PO101276,S02,Resin/Chemicals,23.3,2024-08-28 16:09:10
PO101277,S12,Resin/Chemicals,19.3,2024-08-28 12:42:12
PO101278,S06,Packaging,23.8,2024-08-29 13:37:00
PO101279,S01,Packaging,13.0,2024-08-29 16:37:38
PO101280,S03,Steel coil,7.1,2024-08-29 08:54:04
PO101281,S02,Resin/Chemicals,21.0,2024-08-29 10:06:39
PO101282,S04,Agro raw material,14.3,2024-08-29 17:28:47
PO101283,S08,Steel coil,9.3,2024-08-30 10:02:03
PO101284,S10,Spare parts,26.5,2024-08-30 09:47:36
PO101285,S04,Agro raw material,12.2,2024-08-30 17:22:29
PO101286,S11,Packaging,10.7,2024-08-30 13:33:10
PO101287,S09,Agro raw material,18.3,2024-08-30 13:24:19
PO101288,S06,Packaging,26.5,2024-08-30 15:18:55
PO101289,S05,Spare parts,17.4,2024-08-30 12:33:37
PO101290,S11,Packaging,6.9,2024-08-30 12:03:28
PO101291,S01,Packaging,16.7,2024-08-30 15:09:00
PO101292,S05,Spare parts,15.5,2024-08-30 17:13:51
PO101293,S01,Packaging,8.8,2024-08-31 13:03:26
PO101294,S10,Spare parts,12.7,2024-08-31 10:27:06
PO101295,S03,Steel coil,9.6,2024-08-31 10:23:51
PO101296,S09,Agro raw material,23.7,2024-09-02 08:09:24
PO101297,S10,Spare parts,22.8,2024-09-02 17:13:43
PO101298,S07,Resin/Chemicals,6.9,2024-09-02 12:51:41
PO101299,S09,Agro raw material,16.0,2024-09-02 12:42:24
PO101300,S07,Resin/Chemicals,18.1,2024-09-02 11:35:28
PO101301,S07,Resin/Chemicals,23.0,2024-09-02 10:34:09
PO101302,S02,Resin/Chemicals,14.3,2024-09-02 08:50:34
PO101303,S07,Resin/Chemicals,17.3,2024-09-02 08:52:17
PO101304,S04,Agro raw material,13.6,2024-09-02 14:54:52
PO101305,S12,Resin/Chemicals,6.1,2024-09-02 18:14:28
PO101306,S01,Packaging,18.7,2024-09-02 15:59:06
PO101307,S03,Steel coil,18.2,2024-09-02 16:13:00
PO101308,S04,Agro raw material,16.6,2024-09-03 11:19:34
PO101309,S08,Steel coil,7.4,2024-09-03 12:53:34
PO101310,S02,Resin/Chemicals,6.3,2024-09-03 14:21:05
PO101311,S03,Steel coil,11.2,2024-09-03 09:26:08
PO101312,S07,Resin/Chemicals,23.5,2024-09-03 15:41:32
PO101313,S09,Agro raw material,8.3,2024-09-03 12:34:12
PO101314,S12,Resin/Chemicals,18.2,2024-09-04 19:42:46
PO101315,S12,Resin/Chemicals,9.9,2024-09-04 15:50:24
PO101316,S12,Resin/Chemicals,17.3,2024-09-04 20:39:15
PO101317,S06,Packaging,5.8,2024-09-04 13:21:57
PO101318,S02,Resin/Chemicals,15.0,2024-09-04 12:23:48
PO101319,S09,Agro raw material,26.1,2024-09-04 14:07:31
PO101320,S12,Resin/Chemicals,9.7,2024-09-04 18:31:57
PO101321,S11,Packaging,15.8,2024-09-04 14:10:37
PO101322,S01,Packaging,5.4,2024-09-04 14:38:13
PO101323,S10,Spare parts,19.1,2024-09-04 11:24:44
PO101324,S07,Resin/Chemicals,17.6,2024-09-04 17:10:51
PO101325,S07,Resin/Chemicals,15.3,2024-09-04 16:45:38
PO101326,S08,Steel coil,20.3,2024-09-05 09:27:10
PO101327,S01,Packaging,26.4,2024-09-05 10:25:30
PO101328,S07,Resin/Chemicals,25.1,2024-09-05 15:10:47
PO101329,S09,Agro raw material,6.3,2024-09-05 15:16:14
PO101330,S12,Resin/Chemicals,5.1,2024-09-06 13:37:59
PO101331,S02,Resin/Chemicals,14.1,2024-09-06 14:21:08
PO101332,S04,Agro raw material,6.9,2024-09-06 12:56:52
PO101333,S08,Steel coil,7.0,2024-09-06 06:25:24
PO101334,S04,Agro raw material,16.6,2024-09-06 12:56:28
PO101335,S05,Spare parts,7.6,2024-09-06 15:29:34
PO101336,S03,Steel coil,20.8,2024-09-09 17:50:42
PO101337,S08,Steel coil,25.7,2024-09-09 12:11:49
PO101338,S12,Resin/Chemicals,19.9,2024-09-09 17:30:13
PO101339,S10,Spare parts,23.2,2024-09-09 18:04:58
PO101340,S05,Spare parts,15.2,2024-09-09 17:36:01
PO101341,S04,Agro raw material,19.6,2024-09-09 15:32:38
PO101342,S12,Resin/Chemicals,8.0,2024-09-09 21:51:00
PO101343,S03,Steel coil,12.4,2024-09-09 08:22:34
PO101344,S01,Packaging,11.4,2024-09-09 06:43:31
PO101345,S02,Resin/Chemicals,9.2,2024-09-10 16:12:12
PO101346,S04,Agro raw material,22.8,2024-09-10 11:19:35
PO101347,S02,Resin/Chemicals,8.3,2024-09-10 08:55:24
PO101348,S07,Resin/Chemicals,16.2,2024-09-10 12:01:58
PO101349,S01,Packaging,11.1,2024-09-10 16:01:05
PO101350,S01,Packaging,26.8,2024-09-10 12:14:18
PO101351,S08,Steel coil,14.3,2024-09-10 08:32:02
PO101352,S06,Packaging,10.7,2024-09-11 21:57:49
PO101353,S10,Spare parts,21.2,2024-09-11 18:15:22
PO101354,S11,Packaging,17.8,2024-09-11 19:33:19
PO101355,S05,Spare parts,13.8,2024-09-11 12:23:13
PO101356,S01,Packaging,20.3,2024-09-11 14:44:26
PO101357,S10,Spare parts,22.6,2024-09-11 17:44:11
PO101358,S08,Steel coil,7.3,2024-09-11 06:30:24
PO101359,S08,Steel coil,5.1,2024-09-11 07:18:02
PO101360,S06,Packaging,27.2,2024-09-11 19:55:39
PO101361,S03,Steel coil,7.6,2024-09-11 15:31:00
PO101362,S02,Resin/Chemicals,9.4,2024-09-11 14:50:14
PO101363,S09,Agro raw material,7.5,2024-09-12 14:51:51
PO101364,S01,Packaging,11.2,2024-09-12 14:56:21
PO101365,S11,Packaging,5.8,2024-09-12 16:18:21
PO101366,S02,Resin/Chemicals,18.7,2024-09-12 10:20:00
PO101367,s03,Steel coil,14.6,2024-09-13 08:57:15
PO101368,S01,Packaging,5.9,2024-09-13 10:18:37
PO101369,S04,Agro raw material,14.6,2024-09-13 08:52:45
PO101370,S04,Agro raw material,12.9,2024-09-13 13:36:18
PO101371,S01,Packaging,24.0,2024-09-13 13:06:47
PO101372,s01,Packaging,5.2,2024-09-13 07:02:53
PO101373,S08,Steel coil,10.7,2024-09-13 10:53:41
PO101374,S03,Steel coil,18.4,2024-09-13 13:19:34
PO101375,S12,Resin/Chemicals,19.1,2024-09-13 21:34:04
PO101376,S03,Steel coil,26.1,2024-09-14 14:37:45
PO101377,S07,Resin/Chemicals,7.2,2024-09-14 12:57:05
PO101378,S05,Spare parts,16.9,2024-09-14 13:34:33
PO101379,S07,Resin/Chemicals,9.3,2024-09-14 07:47:14
PO101380,S09,Agro raw material,20.5,2024-09-16 13:37:53
PO101381,S09,Agro raw material,17.3,2024-09-16 10:52:53
PO101382,S06,Packaging,12.8,2024-09-16 20:28:09
PO101383,S06,Packaging,17.2,2024-09-16 15:00:22
PO101384,S10,Spare parts,6.6,2024-09-16 14:55:02
PO101385,S04,Agro raw material,18.9,2024-09-17 13:58:26
PO101386,S06,Packaging,19.7,2024-09-17 19:35:10
PO101387,S07,Resin/Chemicals,22.5,2024-09-17 11:38:48
PO101388,S07,Resin/Chemicals,9.8,2024-09-18 07:16:17
PO101389,S09,Agro raw material,25.4,2024-09-18 10:20:03
PO101390,S06,Packaging,9.6,2024-09-18 20:29:09
PO101391,S01,Packaging,18.3,2024-09-18 14:02:55
PO101392,S07,Resin/Chemicals,20.7,2024-09-18 12:17:41
PO101393,S04,Agro raw material,15.1,2024-09-18 13:31:17
PO101394,S01,Packaging,21.3,2024-09-19 07:29:07
PO101395,S03,Steel coil,14.2,2024-09-19 14:59:20
PO101396,S11,Packaging,27.2,2024-09-19 15:05:55
PO101397,S08,Steel coil,24.7,2024-09-19 13:04:04
PO101398,S03,Steel coil,20.7,2024-09-20 16:03:44
PO101399,S10,Spare parts,19.4,2024-09-20 17:12:09
PO101400,S08,Steel coil,26.6,2024-09-20 07:59:56
PO101401,S04,Agro raw material,23.1,2024-09-20 13:51:09
PO101402,S11,Packaging,16.7,2024-09-20 21:08:01
PO101403,S03,Steel coil,10.9,2024-09-20 15:19:06
PO101404,S04,Agro raw material,15.0,2024-09-20 17:39:05
PO101405,S04,Agro raw material,21.4,2024-09-21 07:30:13
PO101406,S05,Spare parts,12.5,2024-09-21 20:07:57
PO101407,S11,Packaging,5.7,2024-09-21 19:02:39
PO101408,S07,Resin/Chemicals,19.1,2024-09-21 14:04:06
PO101409,S08,Steel coil,19.3,2024-09-21 13:59:06
PO101410,S05,Spare parts,14.0,2024-09-21 12:34:43
PO101411,S11,Packaging,16.0,2024-09-21 10:53:47
PO101412,S11,Packaging,22.9,2024-09-23 11:37:08
PO101413,S02,Resin/Chemicals,23.2,2024-09-23 16:17:19
PO101414,S04,Agro raw material,19.5,2024-09-23 14:55:49
PO101415,S04,Agro raw material,23.6,2024-09-23 08:26:06
PO101416,S03,Steel coil,7.2,2024-09-23 13:32:10
PO101417,S01,Packaging,21.7,2024-09-23 14:26:35
PO101418,S03,Steel coil,12.1,2024-09-23 16:15:06
PO101419,S07,Resin/Chemicals,21.9,2024-09-23 16:40:37
PO101420,S03,Steel coil,8.1,2024-09-23 13:01:27
PO101421,S09,Agro raw material,22.5,2024-09-23 12:02:40
PO101422,S01,Packaging,9.1,2024-09-23 09:46:19
PO101423,S08,Steel coil,19.8,2024-09-23 15:23:50
PO101424,S10,Spare parts,12.7,2024-09-23 17:35:50
PO101425,S10,Spare parts,23.2,2024-09-23 18:01:26
PO101426,S06,Packaging,12.5,2024-09-24 14:30:00
PO101427,S10,Spare parts,26.4,2024-09-24 11:04:37
PO101428,S04,Agro raw material,14.7,2024-09-24 17:59:06
PO101429,S12,Resin/Chemicals,27.7,2024-09-24 20:22:04
PO101430,S04,Agro raw material,24.6,2024-09-24 17:56:07
PO101431,S10,Spare parts,14.3,2024-09-24 08:29:09
PO101432,S12,Resin/Chemicals,6.0,2024-09-24 20:28:54
PO101433,S05,Spare parts,6.8,2024-09-25 19:21:45
PO101434,S07,Resin/Chemicals,13.7,2024-09-25 11:14:10
PO101435,S05,Spare parts,8.0,2024-09-25 16:16:46
PO101436,S03,Steel coil,19.9,2024-09-25 16:53:15
PO101437,S02,Resin/Chemicals,22.3,2024-09-25 16:21:25
PO101438,S10,Spare parts,5.6,2024-09-25 12:26:59
PO101439,S10,Spare parts,13.7,2024-09-25 14:31:53
PO101440,S08,Steel coil,11.8,2024-09-25 13:11:14
PO101441,S07,Resin/Chemicals,11.7,2024-09-26 16:57:26
PO101442,S12,Resin/Chemicals,20.4,2024-09-26 17:09:43
PO101443,S12,Resin/Chemicals,15.2,2024-09-26 20:00:35
PO101444,S11,Packaging,23.0,2024-09-26 12:49:33
PO101445,S01,Packaging,9.8,2024-09-27 07:31:23
PO101446,S05,Spare parts,13.8,2024-09-27 18:45:49
PO101447,S10,Spare parts,12.9,2024-09-27 09:58:34
PO101448,S06,Packaging,27.1,2024-09-27 11:31:28
PO101449,s06,Packaging,9.1,2024-09-27 17:27:22
PO101450,S01,Packaging,20.3,2024-09-28 06:58:56
PO101451,S06,Packaging,18.7,2024-09-28 22:05:43
PO101452,S08,Steel coil,26.5,2024-09-28 11:06:32
PO101453,S08,Steel coil,11.6,2024-09-28 15:52:53
PO101454,S09,Agro raw material,21.6,2024-09-29 09:21:46
PO101455,S12,Resin/Chemicals,20.0,2024-09-29 13:33:17
PO101456,S02,Resin/Chemicals,17.6,2024-09-30 07:33:09
PO101457,S01,Packaging,20.5,2024-09-30 11:00:22
PO101458,S01,Packaging,17.4,2024-09-30 09:26:43
PO101459,S08,Steel coil,22.9,2024-09-30 13:56:02
PO101460,S03,Steel coil,26.4,2024-09-30 10:59:21
PO101461,S11,Packaging,11.5,2024-09-30 15:38:05
PO101462,S02,Resin/Chemicals,20.6,2024-09-30 06:11:07
PO101463,S10,Spare parts,19.9,2024-09-30 08:21:57
PO101464,S04,Agro raw material,7.3,2024-09-30 12:37:14
PO101465,S06,Packaging,11.7,2024-09-30 14:59:41
PO101466,S05,Spare parts,16.8,2024-09-30 20:52:57
PO101467,S01,Packaging,6.4,2024-09-30 17:08:39
PO101468,S01,Packaging,22.8,2024-10-01 16:58:36
PO101469,S03,Steel coil,7.0,2024-10-01 08:03:53
PO101470,S03,Steel coil,20.5,2024-10-01 14:28:49
PO101471,S02,Resin/Chemicals,10.7,2024-10-01 10:50:34
PO101472,S04,Agro raw material,9.0,2024-10-01 11:18:18
PO101473,S11,Packaging,12.7,2024-10-01 13:18:23
PO101474,S12,Resin/Chemicals,21.7,2024-10-02 12:52:30
PO101475,S03,Steel coil,23.2,2024-10-02 08:23:00
PO101476,S10,Spare parts,26.6,2024-10-02 12:26:01
PO101477,S11,Packaging,17.2,2024-10-02 14:34:36
PO101478,S11,Packaging,7.9,2024-10-02 18:47:44
PO101479,S12,Resin/Chemicals,11.2,2024-10-03 22:05:46
PO101480,S07,Resin/Chemicals,21.9,2024-10-03 09:30:21
PO101481,S04,Agro raw material,10.3,2024-10-03 16:13:27
PO101482,S11,Packaging,20.7,2024-10-04 17:21:20
PO101483,S04,Agro raw material,25.3,2024-10-04 11:43:21
PO101484,S12,Resin/Chemicals,8.3,2024-10-05 12:29:44
PO101485,S03,Steel coil,19.2,2024-10-07 08:53:19
PO101486,S05,Spare parts,11.2,2024-10-07 16:02:24
PO101487,S02,Resin/Chemicals,20.5,2024-10-08 09:00:51
PO101488,S05,Spare parts,6.7,2024-10-08 18:09:54
PO101489,S08,Steel coil,13.4,2024-10-08 11:17:17
PO101490,S10,Spare parts,15.1,2024-10-08 09:08:09
PO101491,S11,Packaging,7.4,2024-10-08 11:27:23
PO101492,S01,Packaging,14.5,2024-10-08 13:37:48
PO101493,S11,Packaging,11.2,2024-10-08 11:22:20
PO101494,S07,Resin/Chemicals,25.4,2024-10-08 14:20:43
PO101495,S11,Packaging,16.7,2024-10-09 17:20:33
PO101496,S12,Resin/Chemicals,25.0,2024-10-09 20:36:58
PO101497,S03,Steel coil,22.2,2024-10-09 14:57:13
PO101498,S04,Agro raw material,17.3,2024-10-09 09:53:22
PO101499,S09,Agro raw material,9.8,2024-10-09 13:22:34
PO101500,S07,Resin/Chemicals,6.7,2024-10-09 10:02:29
PO101501,S04,Agro raw material,26.8,2024-10-10 11:23:16
PO101502,S12,Resin/Chemicals,19.7,2024-10-10 18:18:48
PO101503,S10,Spare parts,27.9,2024-10-10 09:40:52
PO101504,S05,Spare parts,13.3,2024-10-10 13:06:09
PO101505,S06,Packaging,25.8,2024-10-10 11:55:20
PO101506,S03,Steel coil,27.4,2024-10-10 11:49:37
PO101507,S02,Resin/Chemicals,7.0,2024-10-10 15:00:15
PO101508,S07,Resin/Chemicals,6.0,2024-10-11 13:27:09
PO101509,S08,Steel coil,16.6,2024-10-11 16:07:23
PO101510,S05,Spare parts,6.2,2024-10-11 17:20:40
PO101511,S03,Steel coil,5.8,2024-10-11 08:02:39
PO101512,S11,Packaging,20.8,2024-10-11 10:59:59
PO101513,S02,Resin/Chemicals,6.3,2024-10-12 07:30:04
PO101514,S04,Agro raw material,22.8,2024-10-12 10:07:52
PO101515,S06,Packaging,14.4,2024-10-12 13:05:15
PO101516,S08,Steel coil,18.5,2024-10-12 12:02:38
PO101517,S04,Agro raw material,18.6,2024-10-13 09:19:23
PO101518,S04,Agro raw material,7.4,2024-10-14 11:55:46
PO101519,S12,Resin/Chemicals,17.9,2024-10-14 22:24:17
PO101520,S08,Steel coil,24.8,2024-10-14 09:08:47
PO101521,S10,Spare parts,15.7,2024-10-14 11:35:39
PO101522,S01,Packaging,17.7,2024-10-14 07:16:44
PO101523,S11,Packaging,8.4,2024-10-14 13:35:30
PO101524,S11,Packaging,22.2,2024-10-15 13:39:07
PO101525,S03,Steel coil,22.3,2024-10-15 14:13:39
PO101526,S09,Agro raw material,21.3,2024-10-15 17:36:44
PO101527,S01,Packaging,12.0,2024-10-15 13:45:44
PO101528,S09,Agro raw material,25.0,2024-10-15 17:47:37
PO101529,S06,Packaging,9.5,2024-10-15 16:09:43
PO101530,S07,Resin/Chemicals,16.2,2024-10-15 07:59:21
PO101531,S09,Agro raw material,27.9,2024-10-16 16:13:26
PO101532,S09,Agro raw material,22.7,2024-10-16 14:05:16
PO101533,S12,Resin/Chemicals,11.0,2024-10-16 19:07:00
PO101534,S12,Resin/Chemicals,6.4,2024-10-16 16:37:28
PO101535,S05,Spare parts,19.3,2024-10-16 18:09:43
PO101536,S09,Agro raw material,12.0,2024-10-17 08:15:48
PO101537,S12,Resin/Chemicals,15.5,2024-10-17 15:45:08
PO101538,S09,Agro raw material,22.3,2024-10-17 11:15:46
PO101539,S04,Agro raw material,6.7,2024-10-17 18:12:09
PO101540,S06,Packaging,24.3,2024-10-18 15:52:42
PO101541,S12,Resin/Chemicals,25.1,2024-10-18 22:28:08
PO101542,S05,Spare parts,26.1,2024-10-18 17:02:40
PO101543,S05,Spare parts,27.4,2024-10-18 12:30:51
PO101544,S05,Spare parts,26.2,2024-10-18 12:42:15
PO101545,S07,Resin/Chemicals,15.9,2024-10-18 16:12:56
PO101546,S02,Resin/Chemicals,7.6,2024-10-19 07:42:51
PO101547,S02,Resin/Chemicals,19.2,2024-10-21 15:00:48
PO101548,S03,Steel coil,21.5,2024-10-22 11:30:33
PO101549,S04,Agro raw material,20.6,2024-10-22 14:47:50
PO101550,S09,Agro raw material,13.2,2024-10-22 09:07:33
PO101551,S11,Packaging,12.6,2024-10-22 17:15:17
PO101552,S06,Packaging,22.6,2024-10-22 22:29:14
PO101553,S01,Packaging,20.1,2024-10-22 08:53:34
PO101554,S01,Packaging,19.4,2024-10-22 13:04:10
PO101555,S03,Steel coil,16.9,2024-10-23 08:52:48
PO101556,S09,Agro raw material,26.0,2024-10-23 08:58:14
PO101557,S06,Packaging,13.5,2024-10-23 20:31:53
PO101558,S06,Packaging,13.5,2024-10-23 13:58:01
PO101559,S05,Spare parts,11.7,2024-10-23 20:13:51
PO101560,S01,Packaging,26.0,2024-10-23 11:28:37
PO101561,S10,Spare parts,19.3,2024-10-23 09:20:04
PO101562,S10,Spare parts,11.7,2024-10-24 17:51:10
PO101563,S06,Packaging,5.3,2024-10-24 17:34:29
PO101564,S10,Spare parts,20.3,2024-10-24 12:45:13
PO101565,S04,Agro raw material,7.5,2024-10-24 13:51:43
PO101566,S01,Packaging,24.0,2024-10-24 09:30:29
PO101567,S07,Resin/Chemicals,12.8,2024-10-24 09:39:16
PO101568,s11,Packaging,27.1,2024-10-25 16:46:19
PO101569,S07,Resin/Chemicals,12.9,2024-10-25 16:08:19
PO101570,S03,Steel coil,23.6,2024-10-25 14:35:03
PO101571,S04,Agro raw material,22.2,2024-10-25 10:58:05
PO101572,S01,Packaging,23.8,2024-10-25 08:10:13
PO101573,S07,Resin/Chemicals,19.5,2024-10-25 08:54:16
PO101574,S04,Agro raw material,5.3,2024-10-25 18:03:03
PO101575,S06,Packaging,8.8,2024-10-25 18:48:36
PO101576,S02,Resin/Chemicals,7.0,2024-10-26 09:12:07
PO101577,S11,Packaging,16.6,2024-10-26 21:03:22
PO101578,S01,Packaging,19.5,2024-10-27 08:44:37
PO101579,S05,Spare parts,21.6,2024-10-28 15:01:26
PO101580,S08,Steel coil,16.1,2024-10-28 11:32:58
PO101581,S03,Steel coil,19.8,2024-10-28 16:12:59
PO101582,S03,Steel coil,24.2,2024-10-28 09:21:05
PO101583,S11,Packaging,21.4,2024-10-28 13:58:32
PO101584,S05,Spare parts,19.1,2024-10-28 19:26:38
PO101585,S05,Spare parts,19.7,2024-10-28 10:57:46
PO101586,S02,Resin/Chemicals,9.3,2024-10-28 12:52:32
PO101587,S06,Packaging,12.0,2024-10-29 18:26:53
PO101588,S12,Resin/Chemicals,14.4,2024-10-29 17:01:55
PO101589,S06,Packaging,24.5,2024-10-29 15:23:54
PO101590,S11,Packaging,8.2,2024-10-29 19:11:15
PO101591,S11,Packaging,16.8,2024-10-29 21:16:43
PO101592,S04,Agro raw material,9.0,2024-10-30 18:10:25
PO101593,S02,Resin/Chemicals,5.0,2024-10-30 07:24:15
PO101594,S06,Packaging,17.3,2024-10-30 14:11:44
PO101595,S04,Agro raw material,23.2,2024-10-30 17:14:29
PO101596,S09,Agro raw material,5.6,2024-10-30 16:15:54
PO101597,S02,Resin/Chemicals,17.4,2024-10-30 12:48:57
PO101598,S07,Resin/Chemicals,22.5,2024-10-31 13:21:55
PO101599,S09,Agro raw material,8.3,2024-10-31 12:32:15
PO101600,S04,Agro raw material,11.4,2024-10-31 14:27:25
PO101601,S08,Steel coil,12.8,2024-10-31 16:12:05
PO101602,S08,Steel coil,10.4,2024-10-31 07:23:55
PO101603,S02,Resin/Chemicals,9.0,2024-10-31 14:49:36
PO101604,S03,Steel coil,7.3,2024-10-31 10:42:10
PO101605,S12,Resin/Chemicals,19.7,2024-10-31 20:58:59
PO101606,S06,Packaging,19.0,2024-11-01 15:09:41
PO101607,S05,Spare parts,12.9,2024-11-01 12:00:48
PO101608,S03,Steel coil,13.5,2024-11-01 10:56:13
PO101609,S04,Agro raw material,27.6,2024-11-01 09:26:31
PO101610,S02,Resin/Chemicals,24.4,2024-11-01 06:13:09
PO101611,S03,Steel coil,8.2,2024-11-01 12:17:42
PO101612,S07,Resin/Chemicals,22.6,2024-11-01 16:35:32
PO101613,S10,Spare parts,9.4,2024-11-01 14:22:42
PO101614,S04,Agro raw material,8.5,2024-11-02 10:52:03
PO101615,S11,Packaging,11.6,2024-11-04 17:23:03
PO101616,S10,Spare parts,10.7,2024-11-04 14:55:12
PO101617,S02,Resin/Chemicals,21.3,2024-11-04 08:23:01
PO101618,S11,Packaging,14.0,2024-11-05 20:21:46
PO101619,S11,Packaging,21.7,2024-11-05 14:03:22
PO101620,S04,Agro raw material,19.6,2024-11-05 16:50:10
PO101621,S01,Packaging,10.6,2024-11-05 17:15:03
PO101622,S06,Packaging,12.8,2024-11-05 21:43:17
PO101623,S04,Agro raw material,16.5,2024-11-06 12:56:07
PO101624,S06,Packaging,19.9,2024-11-06 16:55:04
PO101625,S07,Resin/Chemicals,17.9,2024-11-06 12:41:45
PO101626,S11,Packaging,23.8,2024-11-06 16:38:57
PO101627,S01,Packaging,9.2,2024-11-06 10:20:02
PO101628,S08,Steel coil,22.7,2024-11-06 08:31:22
PO101629,S09,Agro raw material,21.2,2024-11-07 16:23:01
PO101630,S10,Spare parts,20.1,2024-11-07 14:12:59
PO101631,S09,Agro raw material,7.9,2024-11-07 07:57:03
PO101632,S11,Packaging,18.7,2024-11-07 19:24:31
PO101633,S03,Steel coil,24.3,2024-11-07 13:39:06
PO101634,S12,Resin/Chemicals,14.5,2024-11-07 17:49:20
PO101635,S03,Steel coil,11.5,2024-11-07 14:16:29
PO101636,S06,Packaging,15.4,2024-11-08 16:51:24
PO101637,S09,Agro raw material,12.6,2024-11-08 09:09:50
PO101638,S02,Resin/Chemicals,20.1,2024-11-08 10:34:46
PO101639,S08,Steel coil,23.7,2024-11-08 10:53:37
PO101640,S03,Steel coil,9.0,2024-11-08 15:23:02
PO101641,S04,Agro raw material,25.6,2024-11-08 11:12:11
PO101642,S04,Agro raw material,17.0,2024-11-08 18:18:58
PO101643,S09,Agro raw material,7.7,2024-11-09 08:11:28
PO101644,S12,Resin/Chemicals,5.7,2024-11-09 14:21:54
PO101645,S10,Spare parts,10.3,2024-11-09 17:33:51
PO101646,S05,Spare parts,14.4,2024-11-11 17:40:22
PO101647,S02,Resin/Chemicals,8.8,2024-11-11 07:43:56
PO101648,S08,Steel coil,17.6,2024-11-11 08:49:02
PO101649,S03,Steel coil,25.2,2024-11-11 09:13:09
PO101650,S08,Steel coil,7.7,2024-11-11 07:55:44
PO101651,S05,Spare parts,9.4,2024-11-11 15:27:20
PO101652,S01,Packaging,18.1,2024-11-11 08:15:19
PO101653,S10,Spare parts,19.3,2024-11-11 12:44:23
PO101654,S03,Steel coil,5.9,2024-11-11 16:11:20
PO101655,S06,Packaging,18.8,2024-11-11 12:56:48
PO101656,S03,Steel coil,26.0,2024-11-11 13:00:37
PO101657,S03,Steel coil,19.4,2024-11-11 11:27:35
PO101658,S06,Packaging,5.3,2024-11-12 17:12:35
PO101659,S11,Packaging,11.3,2024-11-12 17:18:51
PO101660,S02,Resin/Chemicals,15.9,2024-11-12 13:41:34
PO101661,S04,Agro raw material,16.2,2024-11-12 08:59:55
PO101662,S02,Resin/Chemicals,17.1,2024-11-12 15:42:11
PO101663,S05,Spare parts,9.8,2024-11-12 19:39:29
PO101664,S06,Packaging,5.8,2024-11-12 21:08:39
PO101665,S04,Agro raw material,16.9,2024-11-12 17:59:26
PO101666,S10,Spare parts,18.1,2024-11-12 16:48:59
PO101667,S01,Packaging,14.9,2024-11-13 13:30:15
PO101668,S02,Resin/Chemicals,13.9,2024-11-13 11:08:03
PO101669,S02,Resin/Chemicals,13.1,2024-11-13 12:32:13
PO101670,S05,Spare parts,17.1,2024-11-13 17:25:02
PO101671,S03,Steel coil,13.1,2024-11-14 09:32:00
PO101672,S12,Resin/Chemicals,16.5,2024-11-14 15:22:41
PO101673,S11,Packaging,14.2,2024-11-14 12:59:56
PO101674,S11,Packaging,15.5,2024-11-14 14:14:14
PO101675,S09,Agro raw material,27.2,2024-11-14 17:11:11
PO101676,S07,Resin/Chemicals,17.5,2024-11-14 14:41:03
PO101677,S10,Spare parts,14.6,2024-11-15 13:38:37
PO101678,S08,Steel coil,11.4,2024-11-15 12:36:32
PO101679,S01,Packaging,17.3,2024-11-15 14:25:27
PO101680,S06,Packaging,13.5,2024-11-15 20:53:08
PO101681,S04,Agro raw material,19.9,2024-11-15 08:25:00
PO101682,S06,Packaging,13.8,2024-11-15 15:29:18
PO101683,S11,Packaging,18.5,2024-11-15 20:47:14
PO101684,S05,Spare parts,25.7,2024-11-15 20:44:57
PO101685,S09,Agro raw material,13.7,2024-11-15 16:03:04
PO101686,S02,Resin/Chemicals,19.2,2024-11-15 11:11:55
PO101687,s05,Spare parts,16.2,2024-11-16 11:42:15
PO101688,S07,Resin/Chemicals,26.2,2024-11-16 15:10:26
PO101689,S12,Resin/Chemicals,18.9,2024-11-17 19:10:59
PO101690,S02,Resin/Chemicals,18.7,2024-11-18 14:26:39
PO101691,S09,Agro raw material,26.2,2024-11-18 14:30:54
PO101692,S08,Steel coil,8.9,2024-11-18 15:50:53
PO101693,S06,Packaging,24.9,2024-11-18 16:09:31
PO101694,S06,Packaging,19.6,2024-11-18 15:50:15
PO101695,S04,Agro raw material,7.2,2024-11-18 18:23:06
PO101696,S07,Resin/Chemicals,8.3,2024-11-18 07:12:03
PO101697,S01,Packaging,16.5,2024-11-19 12:29:08
PO101698,S03,Steel coil,17.1,2024-11-19 12:33:47
PO101699,S10,Spare parts,14.3,2024-11-19 09:44:56
PO101700,S04,Agro raw material,15.6,2024-11-19 08:34:05
PO101701,S05,Spare parts,16.9,2024-11-19 18:00:07
PO101702,S06,Packaging,18.7,2024-11-20 12:13:40
PO101703,S04,Agro raw material,18.1,2024-11-20 13:40:57
PO101704,S09,Agro raw material,8.6,2024-11-20 11:34:44
PO101705,S09,Agro raw material,17.2,2024-11-20 17:16:33
PO101706,S10,Spare parts,7.0,2024-11-20 16:48:58
PO101707,S04,Agro raw material,7.9,2024-11-20 13:38:23
PO101708,S02,Resin/Chemicals,15.1,2024-11-20 09:07:27
PO101709,S08,Steel coil,12.0,2024-11-21 13:12:02
PO101710,S08,Steel coil,16.0,2024-11-21 09:14:39
PO101711,S07,Resin/Chemicals,5.8,2024-11-21 17:10:35
PO101712,S05,Spare parts,15.8,2024-11-21 21:12:19
PO101713,S11,Packaging,26.7,2024-11-21 19:23:05
PO101714,S06,Packaging,10.5,2024-11-21 19:21:33
PO101715,S02,Resin/Chemicals,10.0,2024-11-21 08:01:59
PO101716,S06,Packaging,26.2,2024-11-21 16:42:15
PO101717,S12,Resin/Chemicals,25.5,2024-11-22 19:56:34
PO101718,S02,Resin/Chemicals,13.4,2024-11-22 12:41:50
PO101719,S08,Steel coil,17.5,2024-11-22 09:12:04
PO101720,S02,Resin/Chemicals,11.0,2024-11-22 09:42:27
PO101721,S12,Resin/Chemicals,15.7,2024-11-22 20:40:48
PO101722,S07,Resin/Chemicals,6.0,2024-11-22 14:12:17
PO101723,S09,Agro raw material,8.0,2024-11-23 15:41:21
PO101724,S06,Packaging,18.9,2024-11-23 16:32:40
PO101725,S11,Packaging,6.2,2024-11-23 12:59:15
PO101726,S12,Resin/Chemicals,20.4,2024-11-23 20:01:51
PO101727,S04,Agro raw material,12.3,2024-11-25 15:05:01
PO101728,S08,Steel coil,16.4,2024-11-25 09:24:10
PO101729,S02,Resin/Chemicals,24.3,2024-11-25 16:29:11
PO101730,S12,Resin/Chemicals,8.3,2024-11-25 17:46:16
PO101731,S07,Resin/Chemicals,7.5,2024-11-25 07:45:26
PO101732,S01,Packaging,27.1,2024-11-25 07:00:03
PO101733,S10,Spare parts,20.8,2024-11-25 11:05:46
PO101734,S08,Steel coil,10.5,2024-11-25 16:23:55
PO101735,S12,Resin/Chemicals,20.3,2024-11-25 12:54:15
PO101736,S02,Resin/Chemicals,26.2,2024-11-25 12:58:53
PO101737,S09,Agro raw material,14.9,2024-11-25 14:56:02
PO101738,S09,Agro raw material,5.3,2024-11-25 07:17:00
PO101739,S08,Steel coil,13.6,2024-11-26 06:59:10
PO101740,S04,Agro raw material,17.6,2024-11-26 11:45:42
PO101741,S03,Steel coil,25.4,2024-11-26 09:18:32
PO101742,S02,Resin/Chemicals,23.0,2024-11-26 14:35:10
PO101743,S12,Resin/Chemicals,5.5,2024-11-26 15:01:45
PO101744,S09,Agro raw material,6.4,2024-11-26 12:27:29
PO101745,S10,Spare parts,16.1,2024-11-26 13:13:23
PO101746,S07,Resin/Chemicals,10.9,2024-11-26 11:49:21
PO101747,S08,Steel coil,26.5,2024-11-27 14:28:50
PO101748,S10,Spare parts,9.7,2024-11-27 13:01:47
PO101749,S02,Resin/Chemicals,14.8,2024-11-28 12:03:49
PO101750,S12,Resin/Chemicals,5.4,2024-11-28 13:35:39
PO101751,S05,Spare parts,17.3,2024-11-28 17:45:53
PO101752,S12,Resin/Chemicals,19.9,2024-11-28 12:45:37
PO101753,S08,Steel coil,20.0,2024-11-29 16:31:28
PO101754,S03,Steel coil,26.4,2024-11-29 11:01:36
PO101755,S09,Agro raw material,15.3,2024-11-29 10:09:19
PO101756,S11,Packaging,16.1,2024-11-29 21:20:58
PO101757,S12,Resin/Chemicals,9.4,2024-11-29 16:45:57
PO101758,S10,Spare parts,24.7,2024-11-30 09:24:37
PO101759,S05,Spare parts,17.0,2024-11-30 17:22:09
PO101760,S10,Spare parts,20.3,2024-11-30 15:53:09
PO101761,S10,Spare parts,17.0,2024-12-02 08:21:37
PO101762,S09,Agro raw material,15.9,2024-12-02 11:31:23
PO101763,S08,Steel coil,16.8,2024-12-02 06:49:05
PO101764,s07,Resin/Chemicals,22.6,2024-12-02 17:24:21
PO101765,S06,Packaging,22.3,2024-12-02 12:47:50
PO101766,S12,Resin/Chemicals,10.7,2024-12-02 14:40:01
PO101767,S10,Spare parts,15.4,2024-12-02 08:39:46
PO101768,S10,Spare parts,11.2,2024-12-02 14:06:44
PO101769,S05,Spare parts,23.1,2024-12-03 19:07:20
PO101770,S12,Resin/Chemicals,7.4,2024-12-03 18:56:05
PO101771,s07,Resin/Chemicals,10.5,2024-12-03 12:29:17
PO101772,S06,Packaging,5.4,2024-12-03 20:03:52
PO101773,S01,Packaging,24.2,2024-12-03 06:45:20
PO101774,S12,Resin/Chemicals,5.4,2024-12-03 13:19:29
PO101775,S05,Spare parts,11.8,2024-12-04 18:35:30
PO101776,S04,Agro raw material,26.6,2024-12-05 13:01:37
PO101777,S09,Agro raw material,15.5,2024-12-05 09:32:49
PO101778,S06,Packaging,18.0,2024-12-05 15:03:58
PO101779,S04,Agro raw material,13.3,2024-12-05 10:05:29
PO101780,S06,Packaging,12.1,2024-12-05 22:23:14
PO101781,S05,Spare parts,10.9,2024-12-05 17:55:35
PO101782,S02,Resin/Chemicals,17.5,2024-12-05 15:52:06
PO101783,S01,Packaging,26.5,2024-12-06 15:07:43
PO101784,S01,Packaging,14.1,2024-12-06 12:01:06
PO101785,S11,Packaging,16.7,2024-12-06 18:34:22
PO101786,S03,Steel coil,16.0,2024-12-06 12:50:40
PO101787,S06,Packaging,5.4,2024-12-06 14:05:53
PO101788,S09,Agro raw material,26.0,2024-12-07 13:02:26
PO101789,S10,Spare parts,25.1,2024-12-07 13:56:41
PO101790,S04,Agro raw material,22.8,2024-12-07 15:49:06
PO101791,s03,Steel coil,23.5,2024-12-07 11:46:52
PO101792,S06,Packaging,22.4,2024-12-07 16:35:34
PO101793,S12,Resin/Chemicals,27.1,2024-12-09 21:26:30
PO101794,S05,Spare parts,25.8,2024-12-09 16:39:52
PO101795,S05,Spare parts,21.5,2024-12-09 20:58:52
PO101796,S11,Packaging,22.2,2024-12-09 20:05:48
PO101797,S12,Resin/Chemicals,24.2,2024-12-09 19:50:25
PO101798,S07,Resin/Chemicals,12.7,2024-12-10 06:43:11
PO101799,S02,Resin/Chemicals,13.1,2024-12-10 15:55:57
PO101800,S08,Steel coil,14.7,2024-12-10 15:07:16
PO101801,S05,Spare parts,23.8,2024-12-10 10:31:48
PO101802,S11,Packaging,24.7,2024-12-10 17:54:45
PO101803,S08,Steel coil,27.8,2024-12-10 08:21:35
PO101804,S11,Packaging,8.8,2024-12-10 18:22:39
PO101805,S05,Spare parts,13.2,2024-12-11 19:25:47
PO101806,S08,Steel coil,12.6,2024-12-11 10:45:42
PO101807,S06,Packaging,9.7,2024-12-11 19:28:59
PO101808,S01,Packaging,10.4,2024-12-11 13:44:28
PO101809,S01,Packaging,13.9,2024-12-11 17:00:27
PO101810,S09,Agro raw material,21.2,2024-12-11 11:50:34
PO101811,S09,Agro raw material,9.7,2024-12-11 13:41:59
PO101812,S12,Resin/Chemicals,21.9,2024-12-12 16:38:27
PO101813,S02,Resin/Chemicals,10.5,2024-12-12 08:19:35
PO101814,S05,Spare parts,18.6,2024-12-12 13:57:18
PO101815,S08,Steel coil,14.5,2024-12-12 10:29:30
PO101816,S12,Resin/Chemicals,7.4,2024-12-12 17:40:36
PO101817,S07,Resin/Chemicals,21.6,2024-12-12 09:10:58
PO101818,S05,Spare parts,27.4,2024-12-12 17:52:53
PO101819,S06,Packaging,12.9,2024-12-12 14:43:32
PO101820,S01,Packaging,8.8,2024-12-12 08:49:45
PO101821,S01,Packaging,19.4,2024-12-12 13:48:39
PO101822,S06,Packaging,8.4,2024-12-12 12:11:41
PO101823,S05,Spare parts,12.4,2024-12-12 14:30:42
PO101824,S07,Resin/Chemicals,21.5,2024-12-13 09:17:02
PO101825,S12,Resin/Chemicals,6.9,2024-12-13 16:01:25
PO101826,S06,Packaging,9.9,2024-12-13 15:29:30
PO101827,S03,Steel coil,13.7,2024-12-13 08:26:10
PO101828,S08,Steel coil,27.4,2024-12-13 14:17:32
PO101829,S06,Packaging,21.6,2024-12-13 13:32:18
PO101830,S06,Packaging,23.8,2024-12-13 17:53:13
PO101831,S03,Steel coil,25.0,2024-12-13 15:19:17
PO101832,S09,Agro raw material,10.1,2024-12-13 10:08:21
PO101833,S03,Steel coil,22.4,2024-12-14 15:28:26
PO101834,S02,Resin/Chemicals,19.7,2024-12-14 12:40:52
PO101835,S03,Steel coil,13.6,2024-12-14 17:15:12
PO101836,S12,Resin/Chemicals,17.9,2024-12-14 13:34:37
PO101837,S01,Packaging,9.3,2024-12-14 07:09:35
PO101838,S10,Spare parts,26.9,2024-12-14 09:27:10
PO101839,S07,Resin/Chemicals,5.1,2024-12-15 13:45:14
PO101840,S05,Spare parts,9.3,2024-12-15 14:30:20
PO101841,S04,Agro raw material,27.4,2024-12-16 10:29:50
PO101842,S09,Agro raw material,11.2,2024-12-16 09:38:53
PO101843,S03,Steel coil,11.7,2024-12-16 14:21:21
PO101844,S01,Packaging,26.0,2024-12-16 13:12:19
PO101845,S02,Resin/Chemicals,13.4,2024-12-16 07:58:20
PO101846,S02,Resin/Chemicals,15.0,2024-12-16 12:03:24
PO101847,S10,Spare parts,20.3,2024-12-16 08:46:39
PO101848,S09,Agro raw material,11.2,2024-12-16 10:09:56
PO101849,S03,Steel coil,14.5,2024-12-16 12:39:11
PO101850,S08,Steel coil,26.3,2024-12-16 06:31:38
PO101851,s04,Agro raw material,17.2,2024-12-16 09:16:48
PO101852,S02,Resin/Chemicals,5.9,2024-12-17 11:29:27
PO101853,S09,Agro raw material,21.3,2024-12-17 09:47:34
PO101854,S11,Packaging,8.5,2024-12-17 21:06:14
PO101855,S12,Resin/Chemicals,12.2,2024-12-17 13:03:03
PO101856,S07,Resin/Chemicals,23.2,2024-12-17 11:16:09
PO101857,s07,Resin/Chemicals,27.7,2024-12-17 11:53:02
PO101858,S09,Agro raw material,17.3,2024-12-17 15:50:47
PO101859,S06,Packaging,21.3,2024-12-17 12:30:05
PO101860,S10,Spare parts,13.7,2024-12-17 18:11:35
PO101861,S03,Steel coil,13.0,2024-12-17 15:15:04
PO101862,S09,Agro raw material,24.8,2024-12-18 13:56:33
PO101863,S06,Packaging,13.4,2024-12-18 13:34:46
PO101864,S06,Packaging,16.3,2024-12-18 14:49:34
PO101865,S11,Packaging,20.8,2024-12-19 12:19:20
PO101866,S05,Spare parts,6.4,2024-12-19 16:47:19
PO101867,S03,Steel coil,27.4,2024-12-19 12:28:20
PO101868,S01,Packaging,12.8,2024-12-20 11:46:26
PO101869,S02,Resin/Chemicals,14.1,2024-12-20 07:16:10
PO101870,S11,Packaging,11.6,2024-12-20 18:36:45
PO101871,s12,Resin/Chemicals,6.0,2024-12-20 19:49:24
PO101872,S07,Resin/Chemicals,5.4,2024-12-20 14:08:20
PO101873,S08,Steel coil,22.0,2024-12-20 06:49:31
PO101874,S02,Resin/Chemicals,22.7,2024-12-20 14:51:22
PO101875,S08,Steel coil,18.8,2024-12-20 16:27:38
PO101876,S09,Agro raw material,22.9,2024-12-20 14:24:20
PO101877,S07,Resin/Chemicals,12.7,2024-12-21 06:30:27
PO101878,S12,Resin/Chemicals,14.4,2024-12-21 13:02:21
PO101879,S09,Agro raw material,6.1,2024-12-21 09:56:25
PO101880,S05,Spare parts,12.4,2024-12-21 17:58:39
PO101881,S01,Packaging,19.9,2024-12-21 06:53:38
PO101882,S11,Packaging,27.7,2024-12-22 12:16:08
PO101883,S09,Agro raw material,20.5,2024-12-23 10:44:15
PO101884,S07,Resin/Chemicals,22.3,2024-12-23 10:02:26
PO101885,S01,Packaging,11.3,2024-12-23 11:44:43
PO101886,S05,Spare parts,19.4,2024-12-23 19:22:08
PO101887,S05,Spare parts,13.4,2024-12-24 20:18:32
PO101888,S02,Resin/Chemicals,27.9,2024-12-24 07:27:36
PO101889,S09,Agro raw material,6.2,2024-12-24 11:01:42
PO101890,S01,Packaging,26.7,2024-12-24 09:13:42
PO101891,S05,Spare parts,5.9,2024-12-24 15:18:28
PO101892,S12,Resin/Chemicals,19.3,2024-12-24 21:01:40
PO101893,S12,Resin/Chemicals,19.1,2024-12-24 22:02:34
PO101894,S11,Packaging,12.7,2024-12-25 12:45:21
PO101895,S08,Steel coil,17.9,2024-12-25 15:31:24
PO101896,S05,Spare parts,25.8,2024-12-25 12:52:14
PO101897,S07,Resin/Chemicals,23.2,2024-12-25 12:48:14
PO101898,S11,Packaging,8.5,2024-12-25 10:32:21
PO101899,S01,Packaging,5.9,2024-12-26 14:49:47
PO101900,S02,Resin/Chemicals,12.2,2024-12-26 09:33:41
PO101901,S06,Packaging,6.8,2024-12-26 14:22:04
PO101902,S04,Agro raw material,27.5,2024-12-26 11:02:15
PO101903,S07,Resin/Chemicals,23.0,2024-12-26 07:18:14
PO101904,S02,Resin/Chemicals,16.6,2024-12-27 08:00:17
PO101905,S11,Packaging,14.4,2024-12-27 17:10:05
PO101906,S03,Steel coil,11.0,2024-12-27 08:19:33
PO101907,S09,Agro raw material,23.6,2024-12-27 10:43:22
PO101908,S09,Agro raw material,17.5,2024-12-27 16:56:08
PO101909,S12,Resin/Chemicals,26.8,2024-12-27 19:24:23
PO101910,S04,Agro raw material,19.5,2024-12-27 14:47:06
PO101911,S05,Spare parts,11.4,2024-12-27 16:49:45
PO101912,S07,Resin/Chemicals,7.6,2024-12-28 09:39:54
PO101913,S08,Steel coil,8.5,2024-12-28 16:24:13
PO101914,S03,Steel coil,21.4,2024-12-28 11:03:59
PO101915,S04,Agro raw material,10.5,2024-12-28 14:35:55
PO101916,S07,Resin/Chemicals,18.3,2024-12-30 10:43:50
PO101917,S03,Steel coil,14.9,2024-12-30 07:36:50
PO101918,S10,Spare parts,21.8,2024-12-30 08:55:25
PO101919,S04,Agro raw material,8.4,2024-12-30 12:57:44
PO101920,S09,Agro raw material,11.0,2024-12-30 09:11:34
PO101921,S08,Steel coil,10.0,2024-12-30 13:37:31
PO101922,S01,Packaging,15.3,2024-12-31 07:14:39
PO101923,S11,Packaging,26.0,2024-12-31 13:36:12
PO101924,S01,Packaging,19.8,2024-12-31 15:40:08
PO101925,S05,Spare parts,12.9,2024-12-31 20:31:28
PO101926,S03,Steel coil,26.4,2024-12-31 16:44:09
PO101927,S10,Spare parts,10.0,2024-12-31 13:21:20
PO101928,S07,Resin/Chemicals,24.1,2024-12-31 13:42:40
PO101929,S10,Spare parts,13.7,2025-01-01 12:55:29
PO101930,S01,Packaging,14.4,2025-01-01 13:13:42
PO101931,S11,Packaging,26.2,2025-01-01 14:16:28
PO101932,S08,Steel coil,10.8,2025-01-01 14:54:24
PO101933,S07,Resin/Chemicals,22.7,2025-01-01 13:37:15
PO101934,S02,Resin/Chemicals,23.5,2025-01-01 09:49:33
PO101935,S06,Packaging,8.6,2025-01-01 12:14:25
PO101936,S05,Spare parts,14.1,2025-01-01 11:09:52
PO101937,S06,Packaging,26.9,2025-01-01 14:44:57
PO101938,S03,Steel coil,23.8,2025-01-02 17:26:23
PO101939,S09,Agro raw material,19.6,2025-01-02 09:15:27
PO101940,S05,Spare parts,20.9,2025-01-02 15:59:20
PO101941,S08,Steel coil,7.8,2025-01-02 15:43:25
PO101942,S06,Packaging,22.7,2025-01-03 11:55:22
PO101943,S07,Resin/Chemicals,7.1,2025-01-03 12:13:11
PO101944,S02,Resin/Chemicals,19.9,2025-01-03 13:33:11
PO101945,S11,Packaging,17.3,2025-01-03 18:28:39
PO101946,S06,Packaging,12.6,2025-01-03 17:00:16
PO101947,S04,Agro raw material,17.4,2025-01-04 08:05:04
PO101948,S03,Steel coil,10.9,2025-01-04 09:20:08
PO101949,S10,Spare parts,19.7,2025-01-04 09:30:47
PO101950,S11,Packaging,9.2,2025-01-05 15:05:13
PO101951,S03,Steel coil,27.2,2025-01-06 07:47:11
PO101952,S06,Packaging,14.3,2025-01-06 11:50:04
PO101953,S04,Agro raw material,15.7,2025-01-06 11:49:36
PO101954,S05,Spare parts,21.0,2025-01-06 12:12:29
PO101955,S11,Packaging,27.4,2025-01-06 18:29:29
PO101956,S08,Steel coil,10.6,2025-01-06 08:54:14
PO101957,S03,Steel coil,5.6,2025-01-06 14:10:27
PO101958,S06,Packaging,9.5,2025-01-06 16:00:36
PO101959,S02,Resin/Chemicals,20.1,2025-01-06 14:50:33
PO101960,S07,Resin/Chemicals,14.3,2025-01-06 07:26:37
PO101961,S05,Spare parts,8.2,2025-01-06 12:27:22
PO101962,S09,Agro raw material,26.0,2025-01-07 17:16:00
PO101963,S10,Spare parts,12.4,2025-01-07 10:00:55
PO101964,S04,Agro raw material,23.8,2025-01-07 13:22:07
PO101965,S12,Resin/Chemicals,26.5,2025-01-07 21:40:06
PO101966,S05,Spare parts,6.9,2025-01-07 11:53:58
PO101967,S04,Agro raw material,24.2,2025-01-07 17:03:16
PO101968,S06,Packaging,7.0,2025-01-08 18:32:45
PO101969,S05,Spare parts,5.0,2025-01-08 18:05:00
PO101970,S07,Resin/Chemicals,27.1,2025-01-08 08:46:21
PO101971,S06,Packaging,24.7,2025-01-08 18:47:40
PO101972,s06,Packaging,19.2,2025-01-08 15:50:05
PO101973,S11,Packaging,6.2,2025-01-09 14:18:12
PO101974,S09,Agro raw material,24.3,2025-01-09 09:56:59
PO101975,S09,Agro raw material,25.3,2025-01-09 14:54:38
PO101976,S03,Steel coil,5.3,2025-01-09 14:39:27
PO101977,S09,Agro raw material,21.3,2025-01-09 08:48:43
PO101978,S07,Resin/Chemicals,24.3,2025-01-09 14:41:31
PO101979,S03,Steel coil,27.1,2025-01-10 15:58:48
PO101980,S07,Resin/Chemicals,16.8,2025-01-10 15:05:17
PO101981,S04,Agro raw material,9.3,2025-01-10 16:37:39
PO101982,S03,Steel coil,19.9,2025-01-10 08:35:43
PO101983,S05,Spare parts,23.2,2025-01-11 19:09:38
PO101984,S03,Steel coil,18.7,2025-01-11 13:33:18
PO101985,S11,Packaging,24.6,2025-01-11 11:36:10
PO101986,S12,Resin/Chemicals,22.7,2025-01-11 14:16:03
PO101987,S07,Resin/Chemicals,5.8,2025-01-13 14:31:55
PO101988,S03,Steel coil,13.6,2025-01-13 09:50:51
PO101989,S06,Packaging,19.9,2025-01-13 20:13:57
PO101990,S11,Packaging,20.8,2025-01-13 14:06:49
PO101991,S11,Packaging,8.6,2025-01-13 15:00:05
PO101992,S01,Packaging,20.8,2025-01-13 09:17:55
PO101993,S12,Resin/Chemicals,24.8,2025-01-13 16:27:52
PO101994,S03,Steel coil,17.3,2025-01-13 11:59:27
PO101995,S02,Resin/Chemicals,7.4,2025-01-13 12:05:23
PO101996,S05,Spare parts,16.0,2025-01-13 14:21:01
PO101997,S02,Resin/Chemicals,21.2,2025-01-14 11:58:37
PO101998,S04,Agro raw material,23.3,2025-01-14 12:46:33
PO101999,S03,Steel coil,15.7,2025-01-14 07:25:18
PO102000,S02,Resin/Chemicals,10.5,2025-01-14 09:20:31
PO102001,S02,Resin/Chemicals,6.8,2025-01-14 16:51:05
PO102002,S01,Packaging,18.3,2025-01-14 14:51:40
PO102003,S08,Steel coil,15.9,2025-01-14 16:57:02
PO102004,S06,Packaging,25.2,2025-01-15 19:46:41
PO102005,S12,Resin/Chemicals,24.0,2025-01-15 16:25:46
PO102006,S02,Resin/Chemicals,17.6,2025-01-15 12:43:02
PO102007,S04,Agro raw material,16.1,2025-01-15 14:55:11
PO102008,S01,Packaging,18.2,2025-01-15 07:46:12
PO102009,S11,Packaging,14.1,2025-01-16 21:26:14
PO102010,S02,Resin/Chemicals,23.3,2025-01-16 15:04:38
PO102011,S01,Packaging,27.0,2025-01-16 16:52:12
PO102012,S09,Agro raw material,13.9,2025-01-16 13:50:35
PO102013,S09,Agro raw material,20.3,2025-01-16 15:11:02
PO102014,S09,Agro raw material,22.7,2025-01-16 09:28:35
PO102015,S03,Steel coil,23.3,2025-01-16 09:38:50
PO102016,S06,Packaging,26.1,2025-01-17 15:47:01
PO102017,S05,Spare parts,14.3,2025-01-17 18:41:20
PO102018,S01,Packaging,5.4,2025-01-17 17:19:24
PO102019,S01,Packaging,7.8,2025-01-17 07:59:23
PO102020,S08,Steel coil,16.4,2025-01-17 06:51:21
PO102021,S05,Spare parts,12.3,2025-01-17 17:23:07
PO102022,S12,Resin/Chemicals,6.2,2025-01-17 15:29:16
PO102023,S09,Agro raw material,18.0,2025-01-17 13:58:42
PO102024,S06,Packaging,6.1,2025-01-17 13:54:59
PO102025,S04,Agro raw material,14.6,2025-01-18 16:27:50
PO102026,S10,Spare parts,11.8,2025-01-18 08:21:02
PO102027,S08,Steel coil,14.5,2025-01-20 15:50:20
PO102028,S11,Packaging,19.4,2025-01-20 17:06:36
PO102029,S04,Agro raw material,5.1,2025-01-20 15:50:54
PO102030,S02,Resin/Chemicals,5.5,2025-01-20 12:21:27
PO102031,S01,Packaging,25.5,2025-01-20 14:17:21
PO102032,S04,Agro raw material,22.8,2025-01-20 13:33:00
PO102033,S03,Steel coil,5.5,2025-01-20 09:43:10
PO102034,S05,Spare parts,27.7,2025-01-20 15:09:20
PO102035,S09,Agro raw material,15.8,2025-01-20 15:50:20
PO102036,S03,Steel coil,15.5,2025-01-21 09:38:59
PO102037,S10,Spare parts,17.8,2025-01-21 18:13:43
PO102038,S07,Resin/Chemicals,13.3,2025-01-21 13:08:47
PO102039,S01,Packaging,27.8,2025-01-21 07:54:13
PO102040,S03,Steel coil,6.2,2025-01-22 08:53:20
PO102041,S08,Steel coil,17.6,2025-01-22 07:51:50
PO102042,S04,Agro raw material,11.5,2025-01-22 11:57:21
PO102043,S01,Packaging,11.4,2025-01-22 15:27:25
PO102044,S03,Steel coil,17.1,2025-01-22 08:49:33
PO102045,S07,Resin/Chemicals,14.9,2025-01-22 14:16:30
PO102046,S11,Packaging,22.2,2025-01-22 13:16:12
PO102047,S10,Spare parts,18.5,2025-01-23 14:56:53
PO102048,S12,Resin/Chemicals,25.3,2025-01-23 16:00:36
PO102049,S11,Packaging,8.7,2025-01-23 16:17:58
PO102050,S03,Steel coil,18.7,2025-01-23 16:00:13
PO102051,S08,Steel coil,26.1,2025-01-23 15:54:20
PO102052,S08,Steel coil,27.4,2025-01-23 10:00:21
PO102053,S01,Packaging,24.8,2025-01-23 13:46:29
PO102054,S11,Packaging,6.5,2025-01-23 18:47:08
PO102055,S03,Steel coil,18.9,2025-01-23 13:03:34
PO102056,S03,Steel coil,18.7,2025-01-23 07:05:12
PO102057,S06,Packaging,14.7,2025-01-23 19:35:41
PO102058,S03,Steel coil,12.3,2025-01-24 15:45:06
PO102059,S07,Resin/Chemicals,6.0,2025-01-24 09:42:26
PO102060,S11,Packaging,16.2,2025-01-24 12:42:59
PO102061,S11,Packaging,10.1,2025-01-24 18:57:28
PO102062,S03,Steel coil,19.8,2025-01-24 10:28:47
PO102063,S01,Packaging,26.4,2025-01-24 08:58:04
PO102064,S01,Packaging,12.0,2025-01-25 08:37:05
PO102065,S11,Packaging,26.3,2025-01-25 17:34:06
PO102066,S11,Packaging,22.4,2025-01-25 18:14:11
PO102067,S09,Agro raw material,21.8,2025-01-25 13:54:15
PO102068,S07,Resin/Chemicals,26.3,2025-01-26 07:56:45
PO102069,S12,Resin/Chemicals,12.1,2025-01-27 13:18:53
PO102070,S12,Resin/Chemicals,6.3,2025-01-27 20:55:25
PO102071,S02,Resin/Chemicals,22.8,2025-01-27 15:06:25
PO102072,S07,Resin/Chemicals,16.4,2025-01-27 10:54:28
PO102073,S04,Agro raw material,26.1,2025-01-27 11:57:56
PO102074,S02,Resin/Chemicals,15.5,2025-01-27 06:50:12
PO102075,S12,Resin/Chemicals,25.7,2025-01-27 20:39:33
PO102076,S11,Packaging,23.0,2025-01-27 13:39:49
PO102077,S01,Packaging,20.7,2025-01-28 11:24:56
PO102078,S04,Agro raw material,25.7,2025-01-28 09:53:19
PO102079,S05,Spare parts,9.2,2025-01-28 19:48:50
PO102080,S04,Agro raw material,15.8,2025-01-28 14:23:01
PO102081,S03,Steel coil,13.8,2025-01-28 16:34:44
PO102082,S11,Packaging,23.8,2025-01-29 20:58:02
PO102083,S06,Packaging,13.7,2025-01-29 12:00:15
PO102084,S09,Agro raw material,24.1,2025-01-29 16:14:40
PO102085,S06,Packaging,6.6,2025-01-29 21:05:43
PO102086,S02,Resin/Chemicals,22.7,2025-01-29 10:21:56
PO102087,S12,Resin/Chemicals,6.7,2025-01-29 13:08:57
PO102088,S09,Agro raw material,19.6,2025-01-30 07:48:13
PO102089,S04,Agro raw material,26.5,2025-01-30 11:57:47
PO102090,S03,Steel coil,9.8,2025-01-30 10:50:06
PO102091,S10,Spare parts,10.4,2025-01-30 11:43:19
PO102092,S11,Packaging,7.6,2025-01-30 16:58:24
PO102093,S04,Agro raw material,10.8,2025-01-30 15:31:55
PO102094,S11,Packaging,25.7,2025-01-30 15:34:04
PO102095,S05,Spare parts,9.6,2025-01-30 18:40:48
PO102096,S07,Resin/Chemicals,5.5,2025-01-30 10:24:31
PO102097,S07,Resin/Chemicals,11.8,2025-01-30 07:03:36
PO102098,S10,Spare parts,22.2,2025-01-30 17:07:40
PO102099,S05,Spare parts,23.6,2025-01-30 20:45:09
PO102100,S11,Packaging,9.4,2025-01-31 15:17:14
PO102101,S10,Spare parts,6.0,2025-01-31 10:43:47
PO102102,S04,Agro raw material,18.4,2025-01-31 13:26:07
PO102103,S09,Agro raw material,27.6,2025-01-31 11:28:55
PO102104,S03,Steel coil,23.9,2025-01-31 11:17:54
PO102105,S06,Packaging,11.1,2025-01-31 16:04:10
PO102106,S09,Agro raw material,17.3,2025-02-01 17:53:55
PO102107,S01,Packaging,22.8,2025-02-03 06:56:25
PO102108,S09,Agro raw material,24.7,2025-02-03 11:16:14
PO102109,S03,Steel coil,14.6,2025-02-03 16:58:58
PO102110,S07,Resin/Chemicals,19.0,2025-02-03 08:22:48
PO102111,S04,Agro raw material,16.9,2025-02-04 11:49:19
PO102112,S12,Resin/Chemicals,16.0,2025-02-04 12:52:06
PO102113,S09,Agro raw material,6.5,2025-02-05 11:53:04
PO102114,S05,Spare parts,5.2,2025-02-05 11:51:27
PO102115,S06,Packaging,11.2,2025-02-05 21:14:36
PO102116,S12,Resin/Chemicals,5.2,2025-02-05 16:48:03
PO102117,S02,Resin/Chemicals,23.6,2025-02-05 12:05:55
PO102118,S03,Steel coil,8.3,2025-02-05 09:13:43
PO102119,S01,Packaging,20.2,2025-02-05 11:57:35
PO102120,S05,Spare parts,18.0,2025-02-05 20:13:32
PO102121,S09,Agro raw material,22.5,2025-02-06 07:06:28
PO102122,S04,Agro raw material,7.6,2025-02-06 11:36:41
PO102123,S05,Spare parts,9.9,2025-02-06 17:04:30
PO102124,S06,Packaging,19.1,2025-02-06 20:32:37
PO102125,S09,Agro raw material,22.3,2025-02-06 15:58:26
PO102126,S06,Packaging,18.5,2025-02-06 12:40:10
PO102127,S08,Steel coil,14.5,2025-02-06 06:48:14
PO102128,S01,Packaging,20.7,2025-02-07 10:55:40
PO102129,S03,Steel coil,8.1,2025-02-07 14:42:58
PO102130,S11,Packaging,26.0,2025-02-08 20:46:35
PO102131,S04,Agro raw material,18.3,2025-02-08 10:12:52
PO102132,S08,Steel coil,16.8,2025-02-08 14:45:54
PO102133,S01,Packaging,17.6,2025-02-08 10:31:38
PO102134,S06,Packaging,26.2,2025-02-08 16:18:24
PO102135,S10,Spare parts,16.3,2025-02-08 14:12:58
PO102136,S06,Packaging,25.5,2025-02-08 18:56:37
PO102137,S04,Agro raw material,9.5,2025-02-10 11:53:29
PO102138,S04,Agro raw material,5.3,2025-02-10 13:26:29
PO102139,S09,Agro raw material,9.6,2025-02-10 10:31:19
PO102140,S04,Agro raw material,21.3,2025-02-10 09:42:57
PO102141,S10,Spare parts,17.9,2025-02-11 08:46:57
PO102142,S12,Resin/Chemicals,25.5,2025-02-11 15:48:45
PO102143,S03,Steel coil,7.0,2025-02-11 08:14:14
PO102144,S07,Resin/Chemicals,13.4,2025-02-11 15:48:35
PO102145,S11,Packaging,26.0,2025-02-11 15:29:57
PO102146,S12,Resin/Chemicals,21.5,2025-02-11 17:04:52
PO102147,S04,Agro raw material,10.8,2025-02-12 07:46:42
PO102148,S10,Spare parts,27.4,2025-02-12 15:32:48
PO102149,S10,Spare parts,6.2,2025-02-12 09:10:40
PO102150,S02,Resin/Chemicals,21.3,2025-02-12 14:42:27
PO102151,S01,Packaging,26.2,2025-02-12 16:24:02
PO102152,S05,Spare parts,10.7,2025-02-12 16:29:17
PO102153,S01,Packaging,16.6,2025-02-12 17:06:00
PO102154,S11,Packaging,16.9,2025-02-12 12:24:20
PO102155,S01,Packaging,19.9,2025-02-13 17:17:02
PO102156,S11,Packaging,11.7,2025-02-13 18:27:57
PO102157,S04,Agro raw material,12.7,2025-02-13 09:16:27
PO102158,s04,Agro raw material,13.7,2025-02-13 16:56:14
PO102159,S05,Spare parts,7.0,2025-02-13 11:29:45
PO102160,S10,Spare parts,21.4,2025-02-13 10:20:11
PO102161,S05,Spare parts,21.9,2025-02-14 11:48:08
PO102162,S09,Agro raw material,24.8,2025-02-14 09:54:00
PO102163,S03,Steel coil,16.0,2025-02-14 17:00:17
PO102164,S04,Agro raw material,26.7,2025-02-14 18:19:27
PO102165,S06,Packaging,8.3,2025-02-14 13:01:16
PO102166,S09,Agro raw material,16.0,2025-02-14 14:42:27
PO102167,S02,Resin/Chemicals,27.7,2025-02-14 14:04:08
PO102168,S06,Packaging,8.5,2025-02-14 13:04:23
PO102169,S11,Packaging,24.9,2025-02-14 13:09:40
PO102170,S11,Packaging,7.0,2025-02-14 13:20:34
PO102171,S10,Spare parts,9.8,2025-02-15 12:09:21
PO102172,S01,Packaging,24.4,2025-02-15 14:39:33
PO102173,S04,Agro raw material,11.5,2025-02-15 08:51:20
PO102174,S12,Resin/Chemicals,6.6,2025-02-15 18:44:36
PO102175,S10,Spare parts,24.5,2025-02-15 17:53:23
PO102176,S01,Packaging,10.7,2025-02-17 09:50:50
PO102177,S05,Spare parts,5.7,2025-02-17 16:59:28
PO102178,S02,Resin/Chemicals,24.9,2025-02-17 16:10:47
PO102179,S09,Agro raw material,25.7,2025-02-17 13:09:55
PO102180,S04,Agro raw material,18.3,2025-02-18 13:27:59
PO102181,S03,Steel coil,13.5,2025-02-18 08:26:55
PO102182,S02,Resin/Chemicals,8.8,2025-02-18 16:42:30
PO102183,S02,Resin/Chemicals,26.0,2025-02-19 11:02:43
PO102184,S12,Resin/Chemicals,20.4,2025-02-19 15:27:11
PO102185,S09,Agro raw material,5.3,2025-02-19 09:04:14
PO102186,S06,Packaging,9.3,2025-02-19 13:41:32
PO102187,S06,Packaging,14.1,2025-02-19 22:14:37
PO102188,S07,Resin/Chemicals,6.7,2025-02-19 13:56:54
PO102189,S05,Spare parts,13.7,2025-02-20 21:14:18
PO102190,S08,Steel coil,15.3,2025-02-20 15:12:23
PO102191,S03,Steel coil,10.5,2025-02-21 16:07:39
PO102192,S11,Packaging,10.5,2025-02-21 16:56:57
PO102193,S04,Agro raw material,18.0,2025-02-21 08:52:44
PO102194,S04,Agro raw material,18.5,2025-02-21 10:14:07
PO102195,S10,Spare parts,8.1,2025-02-21 15:01:01
PO102196,S01,Packaging,25.8,2025-02-21 09:34:23
PO102197,S05,Spare parts,10.9,2025-02-21 18:30:27
PO102198,S06,Packaging,9.1,2025-02-21 15:13:42
PO102199,S07,Resin/Chemicals,22.1,2025-02-24 10:03:01
PO102200,S12,Resin/Chemicals,12.6,2025-02-24 13:09:26
PO102201,S11,Packaging,10.2,2025-02-24 18:29:25
PO102202,S02,Resin/Chemicals,6.9,2025-02-24 13:19:07
PO102203,S01,Packaging,24.3,2025-02-25 07:32:03
PO102204,S08,Steel coil,20.6,2025-02-25 06:24:51
PO102205,S05,Spare parts,22.1,2025-02-25 21:03:20
PO102206,S09,Agro raw material,26.0,2025-02-25 17:19:47
PO102207,S09,Agro raw material,11.9,2025-02-25 11:41:26
PO102208,S01,Packaging,9.7,2025-02-25 16:46:29
PO102209,S01,Packaging,12.5,2025-02-25 10:41:31
PO102210,S02,Resin/Chemicals,8.7,2025-02-25 13:58:03
PO102211,S05,Spare parts,18.9,2025-02-25 20:02:54
PO102212,S05,Spare parts,8.6,2025-02-25 20:52:04
PO102213,S03,Steel coil,16.4,2025-02-26 11:50:40
PO102214,S10,Spare parts,10.4,2025-02-26 09:32:08
PO102215,S01,Packaging,6.2,2025-02-26 14:57:54
PO102216,S12,Resin/Chemicals,8.2,2025-02-26 19:00:53
PO102217,S12,Resin/Chemicals,20.7,2025-02-26 17:59:37
PO102218,S09,Agro raw material,13.8,2025-02-27 11:52:52
PO102219,S10,Spare parts,22.4,2025-02-27 12:33:29
PO102220,S10,Spare parts,22.8,2025-02-28 09:59:33
PO102221,S02,Resin/Chemicals,15.4,2025-02-28 07:40:41
PO102222,S04,Agro raw material,22.6,2025-02-28 16:39:26
PO102223,S02,Resin/Chemicals,27.7,2025-02-28 11:56:30
PO102224,S04,Agro raw material,19.9,2025-02-28 09:04:43
PO102225,S09,Agro raw material,21.8,2025-02-28 16:52:01
PO102226,S11,Packaging,7.6,2025-02-28 20:32:04
PO102227,S08,Steel coil,22.9,2025-03-03 13:52:27
PO102228,S01,Packaging,7.6,2025-03-03 16:47:34
PO102229,S09,Agro raw material,23.0,2025-03-03 07:32:40
PO102230,S09,Agro raw material,5.1,2025-03-03 13:54:06
PO102231,S12,Resin/Chemicals,21.5,2025-03-03 12:09:55
PO102232,S11,Packaging,17.1,2025-03-03 13:57:25
PO102233,S02,Resin/Chemicals,25.5,2025-03-03 07:33:58
PO102234,S09,Agro raw material,9.0,2025-03-03 07:13:41
PO102235,S02,Resin/Chemicals,5.0,2025-03-04 16:59:26
PO102236,S03,Steel coil,23.6,2025-03-04 10:55:10
PO102237,S08,Steel coil,6.3,2025-03-04 15:08:36
PO102238,S10,Spare parts,23.7,2025-03-04 10:10:46
PO102239,S01,Packaging,11.4,2025-03-04 08:57:10
PO102240,S04,Agro raw material,7.5,2025-03-04 16:12:41
PO102241,S08,Steel coil,16.6,2025-03-05 13:30:35
PO102242,S12,Resin/Chemicals,19.7,2025-03-05 13:55:06
PO102243,S05,Spare parts,20.0,2025-03-05 11:36:26
PO102244,S07,Resin/Chemicals,10.0,2025-03-05 09:44:12
PO102245,S01,Packaging,19.3,2025-03-05 11:16:52
PO102246,S10,Spare parts,12.8,2025-03-06 12:13:18
PO102247,S12,Resin/Chemicals,21.6,2025-03-06 20:45:03
PO102248,S09,Agro raw material,8.0,2025-03-06 11:42:00
PO102249,S09,Agro raw material,7.0,2025-03-06 08:42:32
PO102250,S06,Packaging,15.3,2025-03-07 14:14:31
PO102251,S06,Packaging,5.2,2025-03-07 17:18:37
PO102252,S11,Packaging,22.2,2025-03-08 17:11:10
PO102253,S09,Agro raw material,18.3,2025-03-08 16:02:45
PO102254,S07,Resin/Chemicals,19.2,2025-03-08 08:47:03
PO102255,S10,Spare parts,11.3,2025-03-08 14:39:17
PO102256,S08,Steel coil,18.9,2025-03-10 07:50:22
PO102257,S07,Resin/Chemicals,21.3,2025-03-10 09:17:55
PO102258,S04,Agro raw material,19.3,2025-03-10 14:59:07
PO102259,S11,Packaging,26.1,2025-03-10 20:05:22
PO102260,S02,Resin/Chemicals,27.6,2025-03-10 09:15:52
PO102261,S04,Agro raw material,15.7,2025-03-10 16:14:24
PO102262,S12,Resin/Chemicals,22.4,2025-03-11 22:23:50
PO102263,S11,Packaging,8.1,2025-03-11 12:22:10
PO102264,S11,Packaging,18.4,2025-03-11 18:23:26
PO102265,S05,Spare parts,22.9,2025-03-11 19:09:18
PO102266,S12,Resin/Chemicals,14.1,2025-03-11 16:39:00
PO102267,S05,Spare parts,16.9,2025-03-11 13:54:10
PO102268,S12,Resin/Chemicals,5.2,2025-03-11 14:17:41
PO102269,S07,Resin/Chemicals,15.0,2025-03-11 14:21:32
PO102270,S12,Resin/Chemicals,5.4,2025-03-12 11:50:42
PO102271,S07,Resin/Chemicals,10.0,2025-03-12 09:35:18
PO102272,S04,Agro raw material,10.2,2025-03-12 08:27:26
PO102273,S03,Steel coil,10.7,2025-03-12 14:56:37
PO102274,S06,Packaging,13.8,2025-03-12 17:38:21
PO102275,S03,Steel coil,19.2,2025-03-12 07:53:12
PO102276,S08,Steel coil,11.8,2025-03-13 15:13:05
PO102277,S05,Spare parts,12.3,2025-03-13 19:27:30
PO102278,S04,Agro raw material,20.7,2025-03-13 07:35:06
PO102279,S10,Spare parts,10.6,2025-03-13 11:16:27
PO102280,S01,Packaging,18.4,2025-03-13 14:14:55
PO102281,S06,Packaging,5.1,2025-03-13 12:07:51
PO102282,S05,Spare parts,8.6,2025-03-13 11:14:48
PO102283,S04,Agro raw material,11.1,2025-03-13 13:24:21
PO102284,S05,Spare parts,8.6,2025-03-13 11:54:45
PO102285,S11,Packaging,10.8,2025-03-14 10:50:59
PO102286,S06,Packaging,7.2,2025-03-14 18:52:50
PO102287,S12,Resin/Chemicals,21.0,2025-03-14 13:07:45
PO102288,S01,Packaging,13.5,2025-03-14 06:44:17
PO102289,s05,Spare parts,21.0,2025-03-14 15:30:15
PO102290,S02,Resin/Chemicals,21.7,2025-03-14 12:28:43
PO102291,s02,Resin/Chemicals,13.1,2025-03-14 16:46:59
PO102292,S11,Packaging,16.5,2025-03-15 21:27:55
PO102293,S03,Steel coil,6.0,2025-03-15 16:38:53
PO102294,S02,Resin/Chemicals,12.7,2025-03-16 10:51:35
PO102295,S02,Resin/Chemicals,16.7,2025-03-17 11:58:57
PO102296,S02,Resin/Chemicals,23.5,2025-03-17 16:13:02
PO102297,S12,Resin/Chemicals,18.1,2025-03-17 12:48:03
PO102298,S11,Packaging,27.2,2025-03-17 19:36:33
PO102299,S12,Resin/Chemicals,27.0,2025-03-17 16:24:08
PO102300,S06,Packaging,20.7,2025-03-17 16:01:30
PO102301,S05,Spare parts,11.9,2025-03-17 19:01:57
PO102302,S12,Resin/Chemicals,21.9,2025-03-17 14:42:14
PO102303,S04,Agro raw material,20.6,2025-03-17 14:43:22
PO102304,S08,Steel coil,27.6,2025-03-17 07:40:29
PO102305,S10,Spare parts,8.9,2025-03-18 14:20:20
PO102306,S11,Packaging,7.4,2025-03-18 19:13:22
PO102307,S01,Packaging,24.3,2025-03-18 08:34:49
PO102308,S04,Agro raw material,11.3,2025-03-18 11:21:55
PO102309,S11,Packaging,7.9,2025-03-18 18:36:13
PO102310,S11,Packaging,23.7,2025-03-18 18:52:06
PO102311,S07,Resin/Chemicals,23.0,2025-03-19 10:31:04
PO102312,S10,Spare parts,14.5,2025-03-19 17:40:48
PO102313,S01,Packaging,27.8,2025-03-19 12:20:04
PO102314,S02,Resin/Chemicals,19.4,2025-03-19 15:41:28
PO102315,S04,Agro raw material,10.6,2025-03-20 07:42:08
PO102316,S06,Packaging,9.9,2025-03-20 18:12:57
PO102317,S04,Agro raw material,24.1,2025-03-20 09:04:33
PO102318,S12,Resin/Chemicals,18.1,2025-03-20 19:45:12
PO102319,S08,Steel coil,18.1,2025-03-21 09:16:42
PO102320,S11,Packaging,25.6,2025-03-21 12:44:03
PO102321,S08,Steel coil,12.5,2025-03-21 15:51:02
PO102322,S10,Spare parts,15.3,2025-03-21 18:20:28
PO102323,S11,Packaging,24.9,2025-03-21 21:11:06
PO102324,S10,Spare parts,12.7,2025-03-21 09:21:26
PO102325,S11,Packaging,18.5,2025-03-21 10:42:07
PO102326,S01,Packaging,7.0,2025-03-22 09:50:17
PO102327,S12,Resin/Chemicals,6.2,2025-03-22 21:44:18
PO102328,S04,Agro raw material,24.1,2025-03-22 10:48:00
PO102329,S02,Resin/Chemicals,14.7,2025-03-24 16:01:31
PO102330,S04,Agro raw material,8.7,2025-03-24 16:00:34
PO102331,S04,Agro raw material,27.0,2025-03-24 13:44:17
PO102332,S08,Steel coil,15.2,2025-03-24 07:25:23
PO102333,S05,Spare parts,17.8,2025-03-24 19:30:47
PO102334,S07,Resin/Chemicals,5.5,2025-03-24 09:17:36
PO102335,S06,Packaging,26.4,2025-03-24 11:36:57
PO102336,S10,Spare parts,19.8,2025-03-24 13:45:27
PO102337,S04,Agro raw material,5.6,2025-03-24 11:01:11
PO102338,S09,Agro raw material,14.5,2025-03-24 08:47:22
PO102339,S12,Resin/Chemicals,15.8,2025-03-24 12:15:50
PO102340,S05,Spare parts,8.0,2025-03-24 21:11:06
PO102341,S06,Packaging,25.7,2025-03-24 15:18:59
PO102342,S10,Spare parts,22.1,2025-03-24 15:57:52
PO102343,S10,Spare parts,25.0,2025-03-25 16:27:13
PO102344,s05,Spare parts,25.0,2025-03-25 16:03:38
PO102345,S01,Packaging,25.9,2025-03-25 17:01:49
PO102346,S04,Agro raw material,10.4,2025-03-25 12:17:09
PO102347,S05,Spare parts,6.9,2025-03-26 19:44:54
PO102348,S07,Resin/Chemicals,6.0,2025-03-26 16:42:30
PO102349,S01,Packaging,7.0,2025-03-26 15:28:32
PO102350,S02,Resin/Chemicals,26.3,2025-03-26 14:29:56
PO102351,S04,Agro raw material,17.9,2025-03-26 07:44:03
PO102352,S06,Packaging,14.9,2025-03-27 13:41:39
PO102353,S10,Spare parts,17.1,2025-03-27 14:57:26
PO102354,S03,Steel coil,12.1,2025-03-27 10:07:08
PO102355,S09,Agro raw material,12.0,2025-03-27 15:49:49
PO102356,S07,Resin/Chemicals,23.4,2025-03-27 17:13:02
PO102357,S05,Spare parts,13.0,2025-03-27 13:15:33
PO102358,S09,Agro raw material,6.5,2025-03-28 14:14:54
PO102359,S05,Spare parts,8.6,2025-03-29 17:49:28
PO102360,S02,Resin/Chemicals,15.8,2025-03-29 08:05:51
PO102361,S09,Agro raw material,5.8,2025-03-29 09:46:16
PO102362,S05,Spare parts,15.9,2025-03-31 19:48:34
PO102363,S04,Agro raw material,20.5,2025-03-31 17:56:25
PO102364,S06,Packaging,6.0,2025-04-01 17:36:39
PO102365,S12,Resin/Chemicals,13.5,2025-04-01 14:54:31
PO102366,S03,Steel coil,5.5,2025-04-01 10:53:26
PO102367,S02,Resin/Chemicals,7.0,2025-04-01 13:28:34
PO102368,S02,Resin/Chemicals,12.5,2025-04-01 13:35:40
PO102369,S10,Spare parts,18.9,2025-04-01 09:36:59
PO102370,S09,Agro raw material,13.4,2025-04-01 13:26:21
PO102371,S01,Packaging,6.8,2025-04-01 07:10:35
PO102372,S11,Packaging,5.3,2025-04-01 12:33:03
PO102373,S11,Packaging,15.8,2025-04-02 14:17:54
PO102374,S03,Steel coil,8.0,2025-04-02 09:13:45
PO102375,S09,Agro raw material,26.1,2025-04-02 11:37:24
PO102376,S10,Spare parts,6.7,2025-04-02 15:30:03
PO102377,S11,Packaging,23.5,2025-04-02 14:40:28
PO102378,S07,Resin/Chemicals,27.0,2025-04-02 11:11:35
PO102379,S03,Steel coil,6.4,2025-04-02 12:47:53
PO102380,S12,Resin/Chemicals,26.6,2025-04-02 13:20:27
PO102381,S10,Spare parts,18.8,2025-04-02 12:15:41
PO102382,S05,Spare parts,19.1,2025-04-03 16:50:23
PO102383,S01,Packaging,22.2,2025-04-03 14:55:50
PO102384,S06,Packaging,13.0,2025-04-03 14:23:34
PO102385,S10,Spare parts,19.8,2025-04-03 16:39:46
PO102386,S09,Agro raw material,25.0,2025-04-03 16:26:04
PO102387,S04,Agro raw material,15.0,2025-04-03 16:28:55
PO102388,S01,Packaging,11.1,2025-04-03 08:04:08
PO102389,S09,Agro raw material,5.8,2025-04-04 08:14:21
PO102390,S01,Packaging,8.6,2025-04-04 10:22:54
PO102391,S09,Agro raw material,28.0,2025-04-04 11:32:37
PO102392,S03,Steel coil,24.2,2025-04-04 14:07:54
PO102393,S12,Resin/Chemicals,22.5,2025-04-05 17:40:20
PO102394,S08,Steel coil,9.5,2025-04-05 11:08:01
PO102395,S02,Resin/Chemicals,16.4,2025-04-05 16:39:50
PO102396,S04,Agro raw material,5.8,2025-04-06 11:19:24
PO102397,S11,Packaging,27.9,2025-04-07 17:10:58
PO102398,s03,Steel coil,12.9,2025-04-07 16:40:26
PO102399,S09,Agro raw material,23.6,2025-04-07 07:55:51
PO102400,S03,Steel coil,24.2,2025-04-07 13:08:18
PO102401,S12,Resin/Chemicals,8.2,2025-04-07 16:12:46
PO102402,S04,Agro raw material,26.6,2025-04-07 09:43:22
PO102403,S09,Agro raw material,8.2,2025-04-07 14:27:25
PO102404,s02,Resin/Chemicals,6.6,2025-04-08 08:46:39
PO102405,S07,Resin/Chemicals,16.0,2025-04-08 13:31:40
PO102406,S07,Resin/Chemicals,16.1,2025-04-08 15:54:59
PO102407,S08,Steel coil,7.6,2025-04-08 07:01:08
PO102408,S07,Resin/Chemicals,10.4,2025-04-08 07:43:22
PO102409,S04,Agro raw material,12.0,2025-04-09 14:50:56
PO102410,S05,Spare parts,6.2,2025-04-09 16:54:25
PO102411,S10,Spare parts,23.8,2025-04-09 17:21:11
PO102412,S07,Resin/Chemicals,22.1,2025-04-09 14:00:16
PO102413,S05,Spare parts,27.7,2025-04-09 16:02:47
PO102414,S01,Packaging,13.7,2025-04-10 07:04:44
PO102415,S09,Agro raw material,15.2,2025-04-10 07:01:56
PO102416,S03,Steel coil,20.6,2025-04-10 13:59:31
PO102417,S07,Resin/Chemicals,25.2,2025-04-10 08:06:07
PO102418,S12,Resin/Chemicals,6.8,2025-04-10 20:35:07
PO102419,S02,Resin/Chemicals,18.7,2025-04-10 15:46:38
PO102420,S08,Steel coil,22.5,2025-04-10 08:28:43
PO102421,S10,Spare parts,17.8,2025-04-11 17:01:02
PO102422,S04,Agro raw material,12.0,2025-04-11 18:01:25
PO102423,S10,Spare parts,11.3,2025-04-11 10:54:15
PO102424,S03,Steel coil,24.5,2025-04-11 12:49:04
PO102425,S02,Resin/Chemicals,7.9,2025-04-11 11:09:04
PO102426,S06,Packaging,25.2,2025-04-12 18:05:36
PO102427,S09,Agro raw material,8.0,2025-04-12 11:38:15
PO102428,S02,Resin/Chemicals,22.7,2025-04-13 14:47:29
PO102429,S03,Steel coil,10.8,2025-04-14 16:33:50
PO102430,S07,Resin/Chemicals,11.4,2025-04-14 16:49:13
PO102431,S08,Steel coil,26.9,2025-04-14 09:31:15
PO102432,S09,Agro raw material,23.7,2025-04-14 07:44:42
PO102433,S01,Packaging,7.2,2025-04-14 14:41:32
PO102434,S06,Packaging,17.1,2025-04-14 18:53:59
PO102435,S03,Steel coil,22.9,2025-04-14 17:13:55
PO102436,S08,Steel coil,11.0,2025-04-14 16:03:49
PO102437,S06,Packaging,6.5,2025-04-14 17:29:02
PO102438,S02,Resin/Chemicals,17.6,2025-04-14 14:38:59
PO102439,S05,Spare parts,25.6,2025-04-14 21:22:21
PO102440,S07,Resin/Chemicals,22.6,2025-04-14 13:25:06
PO102441,S04,Agro raw material,26.1,2025-04-15 12:30:15
PO102442,S02,Resin/Chemicals,22.1,2025-04-15 11:42:49
PO102443,S08,Steel coil,8.4,2025-04-15 15:14:17
PO102444,S07,Resin/Chemicals,21.2,2025-04-15 07:19:50
PO102445,S05,Spare parts,26.1,2025-04-15 19:17:53
PO102446,S11,Packaging,19.1,2025-04-15 16:22:19
PO102447,S12,Resin/Chemicals,25.6,2025-04-15 12:46:08
PO102448,S06,Packaging,13.8,2025-04-16 21:30:36
PO102449,S02,Resin/Chemicals,26.7,2025-04-16 14:18:38
PO102450,S08,Steel coil,21.6,2025-04-16 14:06:59
PO102451,S04,Agro raw material,24.3,2025-04-16 11:31:34
PO102452,S06,Packaging,23.4,2025-04-16 15:59:06
PO102453,S08,Steel coil,24.7,2025-04-16 06:38:42
PO102454,S11,Packaging,19.6,2025-04-17 15:00:52
PO102455,S06,Packaging,12.5,2025-04-17 13:28:06
PO102456,S02,Resin/Chemicals,19.1,2025-04-17 06:17:51
PO102457,S04,Agro raw material,9.8,2025-04-17 08:42:26
PO102458,S10,Spare parts,6.0,2025-04-17 16:40:57
PO102459,S08,Steel coil,16.8,2025-04-17 11:35:15
PO102460,S01,Packaging,25.7,2025-04-17 10:57:32
PO102461,S06,Packaging,25.2,2025-04-18 15:38:22
PO102462,S01,Packaging,23.4,2025-04-18 06:49:49
PO102463,S12,Resin/Chemicals,20.1,2025-04-18 18:11:16
PO102464,S05,Spare parts,8.1,2025-04-18 19:58:46
PO102465,S04,Agro raw material,26.9,2025-04-18 09:08:30
PO102466,S01,Packaging,7.8,2025-04-18 16:45:48
PO102467,S01,Packaging,27.4,2025-04-18 14:00:01
PO102468,S11,Packaging,12.2,2025-04-18 19:22:41
PO102469,S06,Packaging,26.9,2025-04-19 16:52:39
PO102470,S07,Resin/Chemicals,6.4,2025-04-19 12:01:09
PO102471,S02,Resin/Chemicals,18.9,2025-04-21 15:43:05
PO102472,S12,Resin/Chemicals,10.4,2025-04-21 15:16:14
PO102473,S08,Steel coil,9.3,2025-04-21 12:50:02
PO102474,S07,Resin/Chemicals,18.9,2025-04-21 11:59:30
PO102475,S06,Packaging,12.0,2025-04-22 13:24:25
PO102476,S07,Resin/Chemicals,15.6,2025-04-22 08:44:51
PO102477,S07,Resin/Chemicals,11.2,2025-04-22 06:37:25
PO102478,s10,Spare parts,19.1,2025-04-22 15:14:12
PO102479,S03,Steel coil,8.0,2025-04-22 17:54:14
PO102480,S08,Steel coil,5.9,2025-04-23 15:49:10
PO102481,S03,Steel coil,6.3,2025-04-23 13:54:47
PO102482,S08,Steel coil,12.1,2025-04-23 14:00:35
PO102483,S06,Packaging,26.5,2025-04-23 18:00:29
PO102484,S07,Resin/Chemicals,25.0,2025-04-23 12:37:54
PO102485,S07,Resin/Chemicals,27.2,2025-04-24 12:48:51
PO102486,S11,Packaging,26.1,2025-04-24 16:42:55
PO102487,S08,Steel coil,15.6,2025-04-24 15:31:25
PO102488,S08,Steel coil,5.4,2025-04-24 08:14:19
PO102489,S03,Steel coil,12.0,2025-04-24 16:12:36
PO102490,S11,Packaging,15.8,2025-04-25 12:32:12
PO102491,S05,Spare parts,19.6,2025-04-25 21:20:07
PO102492,S08,Steel coil,9.1,2025-04-25 12:24:52
PO102493,S08,Steel coil,26.7,2025-04-25 14:46:26
PO102494,S05,Spare parts,7.7,2025-04-25 11:04:34
PO102495,S07,Resin/Chemicals,11.0,2025-04-25 09:52:24
PO102496,S11,Packaging,16.1,2025-04-25 18:21:05
PO102497,S11,Packaging,16.7,2025-04-25 20:18:25
PO102498,S09,Agro raw material,22.9,2025-04-25 13:48:57
PO102499,S02,Resin/Chemicals,26.0,2025-04-25 13:41:22
PO102500,S09,Agro raw material,25.7,2025-04-25 15:26:26
PO102501,S04,Agro raw material,21.3,2025-04-26 15:23:55
PO102502,S11,Packaging,12.8,2025-04-26 14:03:40
PO102503,S09,Agro raw material,27.4,2025-04-26 11:06:48
PO102504,S01,Packaging,20.8,2025-04-28 14:32:25
PO102505,S03,Steel coil,13.6,2025-04-28 08:33:08
PO102506,S05,Spare parts,24.8,2025-04-28 19:12:55
PO102507,S03,Steel coil,24.9,2025-04-28 09:01:31
PO102508,S08,Steel coil,16.2,2025-04-28 06:08:18
PO102509,S08,Steel coil,5.8,2025-04-28 16:07:36
PO102510,S03,Steel coil,12.5,2025-04-28 12:39:54
PO102511,S02,Resin/Chemicals,17.6,2025-04-28 07:51:30
PO102512,S06,Packaging,16.7,2025-04-29 21:32:16
PO102513,S03,Steel coil,19.7,2025-04-29 17:32:21
PO102514,S10,Spare parts,11.3,2025-04-29 08:06:26
PO102515,S04,Agro raw material,27.0,2025-04-29 17:41:33
PO102516,S11,Packaging,21.6,2025-04-29 19:50:58
PO102517,S05,Spare parts,16.5,2025-04-30 18:40:51
PO102518,S02,Resin/Chemicals,9.3,2025-04-30 14:30:38
PO102519,S12,Resin/Chemicals,17.0,2025-04-30 21:09:09
PO102520,S09,Agro raw material,19.3,2025-04-30 15:49:39
PO102521,S08,Steel coil,11.3,2025-04-30 13:37:58
PO102522,S09,Agro raw material,8.2,2025-04-30 17:38:18
PO102523,S07,Resin/Chemicals,27.2,2025-04-30 09:27:53
PO102524,S12,Resin/Chemicals,27.8,2025-04-30 11:49:11
PO102525,S02,Resin/Chemicals,26.3,2025-04-30 10:26:30
PO102526,S09,Agro raw material,17.2,2025-04-30 07:05:51
PO102527,S05,Spare parts,6.2,2025-05-01 19:01:09
PO102528,S12,Resin/Chemicals,12.2,2025-05-01 13:24:19
PO102529,S07,Resin/Chemicals,23.3,2025-05-01 15:11:07
PO102530,S12,Resin/Chemicals,5.5,2025-05-01 16:39:44
PO102531,S05,Spare parts,23.9,2025-05-01 10:52:07
PO102532,S02,Resin/Chemicals,16.7,2025-05-02 08:11:02
PO102533,S03,Steel coil,17.4,2025-05-02 12:36:05
PO102534,S10,Spare parts,24.8,2025-05-02 17:11:38
PO102535,S06,Packaging,9.0,2025-05-02 20:28:07
PO102536,S04,Agro raw material,26.0,2025-05-02 09:01:44
PO102537,S08,Steel coil,25.6,2025-05-02 07:35:50
PO102538,S09,Agro raw material,20.0,2025-05-02 10:25:09
PO102539,S08,Steel coil,14.6,2025-05-02 10:21:47
PO102540,S03,Steel coil,11.1,2025-05-02 14:05:45
PO102541,S04,Agro raw material,18.1,2025-05-02 08:03:50
PO102542,S03,Steel coil,20.5,2025-05-04 12:06:18
PO102543,S01,Packaging,14.3,2025-05-04 13:24:19
PO102544,S08,Steel coil,22.6,2025-05-05 06:46:01
PO102545,S05,Spare parts,12.6,2025-05-05 13:00:45
PO102546,S11,Packaging,10.5,2025-05-05 19:38:53
PO102547,S02,Resin/Chemicals,24.9,2025-05-05 09:15:43
PO102548,S04,Agro raw material,8.6,2025-05-05 15:39:23
PO102549,S11,Packaging,17.0,2025-05-05 11:57:17
PO102550,S04,Agro raw material,5.8,2025-05-05 15:00:19
PO102551,S01,Packaging,11.1,2025-05-05 06:37:54
PO102552,S09,Agro raw material,13.4,2025-05-06 13:50:55
PO102553,S06,Packaging,15.8,2025-05-06 11:31:23
PO102554,S06,Packaging,8.5,2025-05-06 13:11:11
PO102555,S05,Spare parts,26.1,2025-05-06 13:39:51
PO102556,S06,Packaging,11.7,2025-05-06 20:51:37
PO102557,S11,Packaging,13.4,2025-05-07 17:45:03
PO102558,S11,Packaging,22.9,2025-05-07 11:15:56
PO102559,S11,Packaging,7.5,2025-05-07 18:12:28
PO102560,S05,Spare parts,9.4,2025-05-07 19:16:56
PO102561,S02,Resin/Chemicals,5.8,2025-05-07 09:34:34
PO102562,S04,Agro raw material,27.0,2025-05-07 07:54:27
PO102563,S05,Spare parts,8.3,2025-05-07 19:56:36
PO102564,S10,Spare parts,5.4,2025-05-07 11:47:10
PO102565,S04,Agro raw material,13.7,2025-05-08 14:13:31
PO102566,S11,Packaging,5.6,2025-05-08 15:27:04
PO102567,S01,Packaging,26.8,2025-05-08 11:11:11
PO102568,S02,Resin/Chemicals,7.9,2025-05-08 08:41:22
PO102569,S04,Agro raw material,12.5,2025-05-09 14:32:35
PO102570,S12,Resin/Chemicals,12.8,2025-05-09 20:23:28
PO102571,S04,Agro raw material,16.3,2025-05-09 12:42:25
PO102572,S07,Resin/Chemicals,27.5,2025-05-09 11:56:04
PO102573,S02,Resin/Chemicals,14.1,2025-05-09 13:11:47
PO102574,S08,Steel coil,8.8,2025-05-09 16:42:47
PO102575,S12,Resin/Chemicals,8.5,2025-05-09 13:39:39
PO102576,S08,Steel coil,5.1,2025-05-10 11:16:43
PO102577,S02,Resin/Chemicals,24.4,2025-05-10 12:01:17
PO102578,S03,Steel coil,25.1,2025-05-10 13:49:12
PO102579,S12,Resin/Chemicals,12.4,2025-05-11 11:59:31
PO102580,S07,Resin/Chemicals,21.9,2025-05-12 14:10:41
PO102581,S03,Steel coil,14.9,2025-05-12 11:35:25
PO102582,S06,Packaging,9.1,2025-05-12 20:16:36
PO102583,S07,Resin/Chemicals,5.4,2025-05-12 17:27:14
PO102584,S07,Resin/Chemicals,6.5,2025-05-12 13:12:31
PO102585,S08,Steel coil,10.0,2025-05-13 12:11:44
PO102586,S09,Agro raw material,8.8,2025-05-13 11:12:18
PO102587,S06,Packaging,7.6,2025-05-13 15:50:09
PO102588,S11,Packaging,27.5,2025-05-13 21:13:10
PO102589,S01,Packaging,15.9,2025-05-13 06:48:57
PO102590,S12,Resin/Chemicals,16.5,2025-05-13 15:25:37
PO102591,S03,Steel coil,22.5,2025-05-14 11:10:13
PO102592,S07,Resin/Chemicals,23.0,2025-05-14 11:57:02
PO102593,S07,Resin/Chemicals,24.1,2025-05-14 10:32:38
PO102594,S03,Steel coil,19.8,2025-05-14 11:09:10
PO102595,S09,Agro raw material,19.7,2025-05-14 13:04:44
PO102596,s12,Resin/Chemicals,16.0,2025-05-14 14:55:14
PO102597,S06,Packaging,21.4,2025-05-14 12:49:52
PO102598,S01,Packaging,19.0,2025-05-14 09:17:57
PO102599,S02,Resin/Chemicals,25.0,2025-05-15 07:08:39
PO102600,S01,Packaging,11.5,2025-05-15 17:00:20
PO102601,S12,Resin/Chemicals,26.8,2025-05-15 20:12:09
PO102602,S01,Packaging,27.1,2025-05-15 07:38:16
PO102603,S11,Packaging,13.4,2025-05-15 19:00:44
PO102604,S01,Packaging,24.8,2025-05-15 15:51:08
PO102605,S11,Packaging,24.9,2025-05-15 10:34:40
PO102606,S06,Packaging,6.4,2025-05-15 15:46:50
PO102607,S10,Spare parts,11.6,2025-05-16 09:57:32
PO102608,S08,Steel coil,9.1,2025-05-16 14:50:17
PO102609,S12,Resin/Chemicals,22.8,2025-05-16 18:51:02
PO102610,S11,Packaging,10.0,2025-05-16 10:54:51
PO102611,s04,Agro raw material,10.3,2025-05-16 17:39:45
PO102612,S11,Packaging,7.1,2025-05-16 19:24:48
PO102613,S05,Spare parts,20.6,2025-05-17 16:55:13
PO102614,S11,Packaging,25.7,2025-05-17 16:40:05
PO102615,S08,Steel coil,16.1,2025-05-17 09:07:10
PO102616,S10,Spare parts,16.0,2025-05-19 18:22:22
PO102617,S11,Packaging,9.6,2025-05-19 21:11:28
PO102618,S07,Resin/Chemicals,14.0,2025-05-19 10:49:14
PO102619,S10,Spare parts,22.4,2025-05-19 16:58:24
PO102620,S04,Agro raw material,7.5,2025-05-20 08:43:05
PO102621,S01,Packaging,25.3,2025-05-20 15:25:50
PO102622,S03,Steel coil,23.3,2025-05-20 17:15:49
PO102623,S10,Spare parts,6.3,2025-05-20 14:22:00
PO102624,S07,Resin/Chemicals,24.0,2025-05-20 09:18:27
PO102625,S08,Steel coil,19.9,2025-05-20 13:56:15
PO102626,S12,Resin/Chemicals,24.5,2025-05-20 16:17:21
PO102627,S09,Agro raw material,7.7,2025-05-21 12:08:02
PO102628,S02,Resin/Chemicals,18.1,2025-05-21 10:47:04
PO102629,S01,Packaging,26.6,2025-05-21 11:42:14
PO102630,S04,Agro raw material,7.7,2025-05-21 13:36:28
PO102631,S03,Steel coil,23.3,2025-05-21 11:11:09
PO102632,S09,Agro raw material,6.3,2025-05-21 16:10:33
PO102633,S05,Spare parts,10.2,2025-05-21 10:33:03
PO102634,S12,Resin/Chemicals,20.5,2025-05-21 14:57:49
PO102635,S12,Resin/Chemicals,26.2,2025-05-21 22:19:42
PO102636,S02,Resin/Chemicals,14.7,2025-05-22 13:45:10
PO102637,S12,Resin/Chemicals,9.4,2025-05-22 13:20:52
PO102638,S02,Resin/Chemicals,20.2,2025-05-22 13:19:20
PO102639,S03,Steel coil,14.0,2025-05-22 11:19:56
PO102640,S07,Resin/Chemicals,16.0,2025-05-22 08:12:39
PO102641,S12,Resin/Chemicals,26.1,2025-05-22 13:47:12
PO102642,S02,Resin/Chemicals,5.1,2025-05-22 10:03:10
PO102643,S07,Resin/Chemicals,16.8,2025-05-22 14:24:52
PO102644,S08,Steel coil,25.6,2025-05-22 13:32:34
PO102645,S07,Resin/Chemicals,18.1,2025-05-23 10:14:41
PO102646,S06,Packaging,13.6,2025-05-23 22:24:01
PO102647,S09,Agro raw material,5.1,2025-05-23 11:14:21
PO102648,S10,Spare parts,18.7,2025-05-23 14:56:10
PO102649,S08,Steel coil,5.3,2025-05-24 07:33:10
PO102650,S01,Packaging,24.0,2025-05-24 09:48:33
PO102651,S12,Resin/Chemicals,8.0,2025-05-25 12:28:27
PO102652,S02,Resin/Chemicals,15.8,2025-05-26 07:39:17
PO102653,S08,Steel coil,18.6,2025-05-26 09:04:41
PO102654,S07,Resin/Chemicals,8.6,2025-05-26 07:26:08
PO102655,S06,Packaging,13.8,2025-05-26 11:32:57
PO102656,S04,Agro raw material,12.5,2025-05-27 15:31:41
PO102657,S08,Steel coil,13.8,2025-05-27 07:27:55
PO102658,S01,Packaging,5.5,2025-05-27 15:03:26
PO102659,S02,Resin/Chemicals,19.7,2025-05-27 08:42:17
PO102660,S06,Packaging,17.3,2025-05-28 11:32:34
PO102661,S10,Spare parts,10.9,2025-05-28 08:28:46
PO102662,S07,Resin/Chemicals,16.0,2025-05-28 08:51:54
PO102663,S09,Agro raw material,7.7,2025-05-28 13:29:50
PO102664,S07,Resin/Chemicals,10.5,2025-05-28 14:56:06
PO102665,S01,Packaging,10.2,2025-05-28 16:27:23
PO102666,S03,Steel coil,9.6,2025-05-28 09:18:04
PO102667,S05,Spare parts,11.5,2025-05-28 13:45:23
PO102668,S12,Resin/Chemicals,11.2,2025-05-28 13:14:12
PO102669,S01,Packaging,22.5,2025-05-28 14:45:43
PO102670,S06,Packaging,23.8,2025-05-28 20:36:22
PO102671,S07,Resin/Chemicals,23.8,2025-05-29 12:46:50
PO102672,S12,Resin/Chemicals,6.6,2025-05-29 19:37:11
PO102673,S04,Agro raw material,8.5,2025-05-29 15:49:46
PO102674,S12,Resin/Chemicals,27.3,2025-05-29 20:29:18
PO102675,S11,Packaging,27.5,2025-05-29 16:33:38
PO102676,S02,Resin/Chemicals,22.5,2025-05-29 08:50:31
PO102677,S05,Spare parts,8.5,2025-05-29 19:51:21
PO102678,S10,Spare parts,11.6,2025-05-29 14:32:37
PO102679,S03,Steel coil,15.6,2025-05-29 11:47:56
PO102680,S08,Steel coil,8.5,2025-05-29 15:12:48
PO102681,S03,Steel coil,21.2,2025-05-30 13:46:22
PO102682,S09,Agro raw material,24.6,2025-05-30 15:08:21
PO102683,S07,Resin/Chemicals,24.8,2025-05-30 11:59:04
PO102684,s09,Agro raw material,7.3,2025-05-30 16:49:15
PO102685,S05,Spare parts,19.4,2025-05-30 11:47:07
PO102686,S07,Resin/Chemicals,17.3,2025-05-30 07:15:32
PO102687,S05,Spare parts,14.3,2025-05-30 15:49:07
PO102688,S01,Packaging,10.9,2025-05-30 15:39:29
PO102689,S10,Spare parts,23.4,2025-05-30 08:28:08
PO102690,S01,Packaging,11.9,2025-05-31 06:32:14
PO102691,S07,Resin/Chemicals,19.4,2025-06-02 16:24:32
PO102692,S01,Packaging,10.2,2025-06-02 06:32:36
PO102693,S08,Steel coil,11.3,2025-06-02 09:40:39
PO102694,S12,Resin/Chemicals,14.1,2025-06-02 21:36:22
PO102695,S07,Resin/Chemicals,17.4,2025-06-02 12:42:17
PO102696,S08,Steel coil,15.0,2025-06-02 08:48:39
PO102697,S11,Packaging,24.1,2025-06-02 10:53:25
PO102698,S05,Spare parts,7.6,2025-06-02 16:21:45
PO102699,S04,Agro raw material,26.7,2025-06-03 15:52:40
PO102700,S07,Resin/Chemicals,7.7,2025-06-03 16:48:40
PO102701,S03,Steel coil,15.2,2025-06-03 17:14:00
PO102702,S04,Agro raw material,13.4,2025-06-03 13:48:37
PO102703,S11,Packaging,14.1,2025-06-03 18:36:40
PO102704,S02,Resin/Chemicals,23.3,2025-06-03 10:32:23
PO102705,S02,Resin/Chemicals,13.1,2025-06-03 15:46:28
PO102706,S09,Agro raw material,23.4,2025-06-03 07:49:31
PO102707,S02,Resin/Chemicals,21.9,2025-06-04 11:44:25
PO102708,S04,Agro raw material,8.9,2025-06-04 09:03:34
PO102709,s08,Steel coil,19.4,2025-06-04 06:50:21
PO102710,S07,Resin/Chemicals,15.3,2025-06-04 11:06:16
PO102711,S05,Spare parts,14.9,2025-06-04 20:47:38
PO102712,S07,Resin/Chemicals,5.6,2025-06-05 16:44:51
PO102713,S09,Agro raw material,26.8,2025-06-05 07:18:23
PO102714,S05,Spare parts,18.4,2025-06-05 18:26:56
PO102715,S01,Packaging,22.9,2025-06-05 14:30:26
PO102716,S09,Agro raw material,23.5,2025-06-05 10:48:58
PO102717,S04,Agro raw material,21.1,2025-06-05 09:49:33
PO102718,S04,Agro raw material,5.3,2025-06-05 09:16:17
PO102719,S11,Packaging,27.6,2025-06-05 21:09:00
PO102720,S01,Packaging,17.5,2025-06-06 12:54:12
PO102721,S12,Resin/Chemicals,6.5,2025-06-06 20:09:06
PO102722,S07,Resin/Chemicals,8.4,2025-06-06 06:51:31
PO102723,S05,Spare parts,13.6,2025-06-06 21:29:18
PO102724,S12,Resin/Chemicals,10.6,2025-06-06 14:59:45
PO102725,S06,Packaging,14.1,2025-06-06 19:03:41
PO102726,S06,Packaging,23.7,2025-06-06 19:12:18
PO102727,S03,Steel coil,16.0,2025-06-06 07:42:01
PO102728,S06,Packaging,5.6,2025-06-06 18:54:15
PO102729,S02,Resin/Chemicals,6.0,2025-06-06 06:24:44
PO102730,S11,Packaging,27.7,2025-06-06 19:50:37
PO102731,S09,Agro raw material,27.3,2025-06-06 17:57:48
PO102732,S07,Resin/Chemicals,18.9,2025-06-06 15:43:34
PO102733,S08,Steel coil,5.8,2025-06-07 12:52:07
PO102734,S10,Spare parts,17.6,2025-06-07 16:15:23
PO102735,S05,Spare parts,17.9,2025-06-07 18:22:52
PO102736,S06,Packaging,6.4,2025-06-07 18:06:56
PO102737,S08,Steel coil,25.0,2025-06-09 06:54:12
PO102738,S07,Resin/Chemicals,13.2,2025-06-09 07:15:18
PO102739,S11,Packaging,7.1,2025-06-09 16:51:04
PO102740,S06,Packaging,18.1,2025-06-09 18:49:21
PO102741,S05,Spare parts,9.1,2025-06-09 11:56:39
PO102742,S10,Spare parts,11.6,2025-06-09 16:24:11
PO102743,S03,Steel coil,18.2,2025-06-09 08:06:47
PO102744,S08,Steel coil,14.1,2025-06-09 11:15:53
PO102745,S02,Resin/Chemicals,27.8,2025-06-10 10:36:37
PO102746,S01,Packaging,5.7,2025-06-10 11:43:47
PO102747,S12,Resin/Chemicals,10.8,2025-06-11 12:04:37
PO102748,S08,Steel coil,10.2,2025-06-11 13:23:37
PO102749,S03,Steel coil,5.3,2025-06-11 09:08:36
PO102750,S09,Agro raw material,21.4,2025-06-11 17:19:38
PO102751,S04,Agro raw material,22.1,2025-06-11 14:14:47
PO102752,S06,Packaging,16.4,2025-06-11 20:27:18
PO102753,S06,Packaging,17.6,2025-06-12 15:03:01
PO102754,S08,Steel coil,25.3,2025-06-12 11:50:43
PO102755,S02,Resin/Chemicals,27.9,2025-06-13 14:34:59
PO102756,S04,Agro raw material,25.9,2025-06-13 13:44:42
PO102757,S01,Packaging,25.0,2025-06-13 09:04:15
PO102758,S02,Resin/Chemicals,16.7,2025-06-13 06:59:25
PO102759,S01,Packaging,5.1,2025-06-13 15:31:41
PO102760,S03,Steel coil,25.0,2025-06-13 13:19:36
PO102761,S03,Steel coil,11.0,2025-06-13 08:49:35
PO102762,S06,Packaging,6.4,2025-06-14 17:33:09
PO102763,S07,Resin/Chemicals,17.8,2025-06-15 10:56:43
PO102764,S05,Spare parts,5.1,2025-06-16 19:47:14
PO102765,S04,Agro raw material,27.7,2025-06-16 11:38:31
PO102766,S06,Packaging,12.8,2025-06-16 18:21:44
PO102767,S07,Resin/Chemicals,27.5,2025-06-16 08:10:52
PO102768,S05,Spare parts,11.8,2025-06-16 19:08:53
PO102769,S06,Packaging,19.2,2025-06-17 19:40:47
PO102770,S06,Packaging,14.8,2025-06-17 11:59:26
PO102771,S12,Resin/Chemicals,18.2,2025-06-17 17:22:30
PO102772,s11,Packaging,16.7,2025-06-17 15:02:39
PO102773,S03,Steel coil,10.8,2025-06-17 09:24:16
PO102774,S11,Packaging,13.2,2025-06-17 10:30:12
PO102775,S04,Agro raw material,19.2,2025-06-17 10:25:03
PO102776,S01,Packaging,24.4,2025-06-17 06:40:41
PO102777,S12,Resin/Chemicals,24.4,2025-06-17 11:59:01
PO102778,S01,Packaging,11.0,2025-06-17 09:14:59
PO102779,S01,Packaging,24.7,2025-06-18 13:27:27
PO102780,S04,Agro raw material,24.7,2025-06-18 11:23:00
PO102781,S12,Resin/Chemicals,16.5,2025-06-18 17:10:04
PO102782,S06,Packaging,25.9,2025-06-18 19:01:43
PO102783,S06,Packaging,9.2,2025-06-18 13:25:43
PO102784,S03,Steel coil,22.5,2025-06-18 16:55:13
PO102785,S02,Resin/Chemicals,23.4,2025-06-18 06:12:21
PO102786,S06,Packaging,12.7,2025-06-19 22:03:07
PO102787,S03,Steel coil,6.7,2025-06-19 09:34:45
PO102788,S03,Steel coil,17.5,2025-06-19 14:50:31
PO102789,S03,Steel coil,27.6,2025-06-20 17:40:48
PO102790,S10,Spare parts,15.2,2025-06-20 10:27:35
PO102791,S04,Agro raw material,14.8,2025-06-21 18:28:03
PO102792,S11,Packaging,23.7,2025-06-21 17:21:21
PO102793,S09,Agro raw material,17.2,2025-06-21 11:50:21
PO102794,S08,Steel coil,10.4,2025-06-21 14:38:42
PO102795,S02,Resin/Chemicals,14.7,2025-06-22 13:42:39
PO102796,S09,Agro raw material,20.9,2025-06-23 07:15:10
PO102797,S02,Resin/Chemicals,10.7,2025-06-23 06:30:26
PO102798,S11,Packaging,13.6,2025-06-23 13:54:35
PO102799,S09,Agro raw material,16.1,2025-06-23 14:22:07
PO102800,S09,Agro raw material,20.1,2025-06-23 08:52:32
PO102801,S10,Spare parts,7.7,2025-06-23 09:07:09
PO102802,S05,Spare parts,17.6,2025-06-23 17:12:14
PO102803,S05,Spare parts,16.2,2025-06-24 20:44:15
PO102804,S01,Packaging,11.5,2025-06-24 15:00:19
PO102805,S08,Steel coil,16.3,2025-06-24 12:03:10
PO102806,S01,Packaging,26.9,2025-06-24 15:29:02
PO102807,S04,Agro raw material,19.1,2025-06-24 14:31:56
PO102808,S09,Agro raw material,12.8,2025-06-24 12:10:18
PO102809,S10,Spare parts,15.8,2025-06-24 07:48:01
PO102810,S06,Packaging,7.2,2025-06-24 11:58:45
PO102811,S01,Packaging,25.9,2025-06-25 12:52:59
PO102812,S06,Packaging,11.6,2025-06-25 21:13:58
PO102813,S06,Packaging,14.7,2025-06-25 12:16:35
PO102814,S06,Packaging,9.5,2025-06-26 13:50:18
PO102815,S05,Spare parts,17.3,2025-06-26 14:09:20
PO102816,S01,Packaging,23.1,2025-06-26 07:50:22
PO102817,S11,Packaging,19.7,2025-06-26 16:22:24
PO102818,S12,Resin/Chemicals,17.7,2025-06-27 20:20:49
PO102819,s04,Agro raw material,26.4,2025-06-27 11:05:06
PO102820,S11,Packaging,20.2,2025-06-27 12:43:22
PO102821,S06,Packaging,20.9,2025-06-27 14:34:16
PO102822,S04,Agro raw material,24.6,2025-06-27 13:16:25
PO102823,S07,Resin/Chemicals,24.9,2025-06-28 13:59:43
PO102824,S12,Resin/Chemicals,15.4,2025-06-28 12:44:12
PO102825,S08,Steel coil,9.6,2025-06-28 06:36:11
PO102826,S09,Agro raw material,20.0,2025-06-28 12:26:36
PO102827,S02,Resin/Chemicals,5.5,2025-06-30 15:41:19
PO102828,S02,Resin/Chemicals,7.1,2025-06-30 06:42:49
PO102829,s11,Packaging,12.2,2025-06-30 16:34:05
PO102830,S09,Agro raw material,12.6,2025-06-30 12:02:40
PO102831,S01,Packaging,12.1,2025-06-30 10:13:12
PO102832,S12,Resin/Chemicals,20.2,2025-07-01 16:20:31
PO102833,S06,Packaging,13.7,2025-07-01 13:44:59
PO102834,S09,Agro raw material,9.2,2025-07-01 09:03:57
PO102835,S01,Packaging,19.8,2025-07-01 16:37:22
PO102836,S11,Packaging,16.9,2025-07-01 21:01:20
PO102837,S04,Agro raw material,20.4,2025-07-02 10:23:01
PO102838,S07,Resin/Chemicals,10.1,2025-07-02 09:36:33
PO102839,S10,Spare parts,10.6,2025-07-02 10:43:10
PO102840,S01,Packaging,20.6,2025-07-02 15:39:57
PO102841,S10,Spare parts,10.5,2025-07-02 15:01:01
PO102842,S12,Resin/Chemicals,14.5,2025-07-03 17:19:56
PO102843,S11,Packaging,21.9,2025-07-03 17:10:39
PO102844,S03,Steel coil,15.9,2025-07-03 12:02:37
PO102845,S11,Packaging,11.2,2025-07-03 11:17:36
PO102846,S06,Packaging,10.6,2025-07-03 13:09:33
PO102847,S07,Resin/Chemicals,13.9,2025-07-03 07:53:07
PO102848,S02,Resin/Chemicals,5.4,2025-07-03 15:13:16
PO102849,S05,Spare parts,23.6,2025-07-04 15:13:06
PO102850,S03,Steel coil,11.9,2025-07-04 11:19:40
PO102851,S05,Spare parts,17.5,2025-07-04 11:26:09
PO102852,S12,Resin/Chemicals,7.9,2025-07-05 15:43:09
PO102853,S12,Resin/Chemicals,13.9,2025-07-05 12:25:10
PO102854,S10,Spare parts,20.2,2025-07-05 12:59:25
PO102855,S01,Packaging,18.0,2025-07-05 16:27:11
PO102856,S02,Resin/Chemicals,19.6,2025-07-05 16:40:02
PO102857,S02,Resin/Chemicals,19.7,2025-07-05 14:04:28
PO102858,S04,Agro raw material,11.1,2025-07-05 15:53:58
PO102859,S04,Agro raw material,16.3,2025-07-07 11:06:29
PO102860,S11,Packaging,16.1,2025-07-07 19:17:34
PO102861,S06,Packaging,13.2,2025-07-07 12:41:22
PO102862,S08,Steel coil,8.4,2025-07-07 08:13:57
PO102863,S05,Spare parts,10.1,2025-07-07 11:49:37
PO102864,S06,Packaging,26.2,2025-07-07 19:09:37
PO102865,S06,Packaging,27.5,2025-07-07 14:49:52
PO102866,S01,Packaging,22.8,2025-07-07 07:02:08
PO102867,S05,Spare parts,22.0,2025-07-08 14:03:35
PO102868,S06,Packaging,14.7,2025-07-08 17:21:10
PO102869,S04,Agro raw material,18.4,2025-07-08 14:15:31
PO102870,s12,Resin/Chemicals,25.9,2025-07-08 20:17:41
PO102871,S06,Packaging,13.2,2025-07-08 14:36:34
PO102872,S01,Packaging,14.9,2025-07-08 14:03:12
PO102873,S07,Resin/Chemicals,24.6,2025-07-09 16:45:43
PO102874,S03,Steel coil,23.8,2025-07-09 09:49:24
PO102875,S10,Spare parts,24.3,2025-07-09 12:35:23
PO102876,S07,Resin/Chemicals,19.6,2025-07-09 12:47:09
PO102877,S02,Resin/Chemicals,25.1,2025-07-09 15:36:48
PO102878,S05,Spare parts,13.3,2025-07-09 14:00:48
PO102879,S07,Resin/Chemicals,11.6,2025-07-09 07:13:01
PO102880,S08,Steel coil,26.3,2025-07-09 14:04:27
PO102881,S04,Agro raw material,5.8,2025-07-09 09:08:33
PO102882,S04,Agro raw material,8.8,2025-07-09 08:36:05
PO102883,S08,Steel coil,23.1,2025-07-09 07:56:20
PO102884,S08,Steel coil,13.0,2025-07-09 14:56:10
PO102885,S01,Packaging,14.4,2025-07-10 12:56:23
PO102886,S05,Spare parts,16.1,2025-07-10 16:11:23
PO102887,s07,Resin/Chemicals,16.9,2025-07-10 15:48:52
PO102888,S05,Spare parts,27.5,2025-07-10 20:05:15
PO102889,S11,Packaging,12.3,2025-07-10 21:02:22
PO102890,S06,Packaging,6.9,2025-07-10 15:56:10
PO102891,S01,Packaging,10.8,2025-07-11 15:59:36
PO102892,S10,Spare parts,20.0,2025-07-11 14:21:14
PO102893,S07,Resin/Chemicals,6.4,2025-07-11 15:35:56
PO102894,S07,Resin/Chemicals,10.1,2025-07-11 12:11:16
PO102895,S03,Steel coil,8.6,2025-07-11 12:51:02
PO102896,S10,Spare parts,15.2,2025-07-11 07:45:02
PO102897,S07,Resin/Chemicals,7.5,2025-07-12 10:21:01
PO102898,S04,Agro raw material,10.8,2025-07-12 10:01:36
PO102899,S07,Resin/Chemicals,11.1,2025-07-12 15:46:33
PO102900,S01,Packaging,22.8,2025-07-12 09:05:41
PO102901,S12,Resin/Chemicals,22.7,2025-07-12 14:46:18
PO102902,S12,Resin/Chemicals,27.8,2025-07-13 15:20:34
PO102903,S11,Packaging,20.2,2025-07-14 12:23:38
PO102904,S04,Agro raw material,10.7,2025-07-14 16:08:57
PO102905,S12,Resin/Chemicals,22.5,2025-07-14 16:48:41
PO102906,S02,Resin/Chemicals,24.1,2025-07-14 08:53:54
PO102907,S09,Agro raw material,22.9,2025-07-14 11:59:42
PO102908,S09,Agro raw material,15.7,2025-07-14 14:13:45
PO102909,S01,Packaging,20.1,2025-07-14 15:52:46
PO102910,S11,Packaging,16.2,2025-07-14 13:57:27
PO102911,S02,Resin/Chemicals,18.3,2025-07-15 14:14:59
PO102912,S09,Agro raw material,27.6,2025-07-15 17:50:52
PO102913,S02,Resin/Chemicals,16.9,2025-07-15 12:46:04
PO102914,S12,Resin/Chemicals,21.5,2025-07-15 14:32:12
PO102915,S11,Packaging,21.2,2025-07-15 21:20:03
PO102916,S06,Packaging,9.1,2025-07-15 16:57:32
PO102917,S03,Steel coil,19.7,2025-07-16 17:14:10
PO102918,S03,Steel coil,11.5,2025-07-16 14:53:15
PO102919,S08,Steel coil,5.5,2025-07-16 09:01:58
PO102920,S08,Steel coil,7.9,2025-07-16 14:53:16
PO102921,S10,Spare parts,24.6,2025-07-16 09:02:44
PO102922,S01,Packaging,25.9,2025-07-16 13:40:04
PO102923,S12,Resin/Chemicals,21.2,2025-07-16 20:04:45
PO102924,S09,Agro raw material,18.0,2025-07-16 12:53:54
PO102925,S04,Agro raw material,24.9,2025-07-16 11:39:42
PO102926,S07,Resin/Chemicals,18.9,2025-07-17 10:15:01
PO102927,S10,Spare parts,7.0,2025-07-17 12:40:55
PO102928,S11,Packaging,6.8,2025-07-17 18:05:03
PO102929,S11,Packaging,24.2,2025-07-17 17:27:46
PO102930,S06,Packaging,26.0,2025-07-17 20:43:19
PO102931,S06,Packaging,25.3,2025-07-17 12:07:52
PO102932,S04,Agro raw material,15.5,2025-07-17 08:36:58
PO102933,S02,Resin/Chemicals,20.2,2025-07-17 08:38:24
PO102934,S09,Agro raw material,16.7,2025-07-17 14:42:29
PO102935,S02,Resin/Chemicals,8.6,2025-07-17 06:01:08
PO102936,s01,Packaging,18.1,2025-07-18 12:56:22
PO102937,S11,Packaging,26.7,2025-07-18 10:43:16
PO102938,S04,Agro raw material,25.3,2025-07-18 14:25:24
PO102939,S07,Resin/Chemicals,8.7,2025-07-18 16:46:59
PO102940,S02,Resin/Chemicals,15.2,2025-07-18 07:37:15
PO102941,S11,Packaging,11.2,2025-07-18 15:48:25
PO102942,S01,Packaging,6.2,2025-07-19 17:19:46
PO102943,S12,Resin/Chemicals,24.0,2025-07-19 19:36:03
PO102944,S04,Agro raw material,26.8,2025-07-21 12:53:11
PO102945,S03,Steel coil,9.3,2025-07-21 13:17:25
PO102946,S01,Packaging,17.6,2025-07-21 14:16:59
PO102947,S08,Steel coil,26.5,2025-07-21 16:47:02
PO102948,S04,Agro raw material,10.5,2025-07-21 12:39:50
PO102949,S09,Agro raw material,10.5,2025-07-21 11:08:12
PO102950,S10,Spare parts,23.7,2025-07-21 14:39:28
PO102951,S04,Agro raw material,22.7,2025-07-22 17:38:20
PO102952,S04,Agro raw material,6.4,2025-07-22 11:28:06
PO102953,S07,Resin/Chemicals,10.5,2025-07-22 16:20:05
PO102954,S08,Steel coil,15.9,2025-07-23 10:43:21
PO102955,S11,Packaging,17.2,2025-07-23 12:47:05
PO102956,S08,Steel coil,8.8,2025-07-23 15:31:57
PO102957,S09,Agro raw material,27.8,2025-07-24 16:09:04
PO102958,S07,Resin/Chemicals,23.3,2025-07-24 14:04:01
PO102959,S01,Packaging,5.1,2025-07-24 07:47:19
PO102960,S05,Spare parts,5.4,2025-07-24 12:44:18
PO102961,S07,Resin/Chemicals,25.4,2025-07-24 08:59:54
PO102962,S03,Steel coil,9.4,2025-07-24 15:03:13
PO102963,S10,Spare parts,19.0,2025-07-24 14:39:34
PO102964,S10,Spare parts,5.4,2025-07-24 15:49:58
PO102965,S11,Packaging,21.4,2025-07-24 14:54:59
PO102966,S06,Packaging,23.2,2025-07-25 12:31:46
PO102967,S03,Steel coil,23.1,2025-07-25 11:04:26
PO102968,S02,Resin/Chemicals,7.4,2025-07-25 13:04:08
PO102969,S05,Spare parts,7.6,2025-07-25 19:58:07
PO102970,S09,Agro raw material,24.6,2025-07-26 13:13:14
PO102971,S09,Agro raw material,9.5,2025-07-26 07:44:05
PO102972,S08,Steel coil,27.0,2025-07-26 10:59:22
PO102973,S03,Steel coil,15.1,2025-07-26 15:43:19
PO102974,S07,Resin/Chemicals,5.6,2025-07-26 13:55:43
PO102975,S07,Resin/Chemicals,6.8,2025-07-27 15:27:32
PO102976,S04,Agro raw material,28.0,2025-07-28 07:33:46
PO102977,S07,Resin/Chemicals,18.8,2025-07-28 10:15:50
PO102978,S06,Packaging,26.6,2025-07-28 20:59:48
PO102979,S06,Packaging,13.0,2025-07-28 11:55:55
PO102980,S11,Packaging,19.7,2025-07-28 18:15:04
PO102981,S07,Resin/Chemicals,19.1,2025-07-29 10:23:05
PO102982,S05,Spare parts,24.2,2025-07-29 15:14:38
PO102983,S12,Resin/Chemicals,18.0,2025-07-29 14:59:29
PO102984,S03,Steel coil,25.2,2025-07-29 16:38:34
PO102985,S11,Packaging,21.1,2025-07-29 15:24:30
PO102986,S02,Resin/Chemicals,21.8,2025-07-29 14:52:27
PO102987,S03,Steel coil,12.7,2025-07-29 12:51:01
PO102988,S02,Resin/Chemicals,11.5,2025-07-29 13:58:22
PO102989,S02,Resin/Chemicals,13.7,2025-07-30 06:13:54
PO102990,S07,Resin/Chemicals,21.5,2025-07-30 16:39:08
PO102991,S05,Spare parts,16.0,2025-07-30 12:35:54
PO102992,S08,Steel coil,20.3,2025-07-30 08:05:03
PO102993,S04,Agro raw material,19.5,2025-07-30 16:45:55
PO102994,S11,Packaging,14.4,2025-07-30 11:34:42
PO102995,S10,Spare parts,15.7,2025-07-30 10:24:55
PO102996,S11,Packaging,23.9,2025-07-30 13:08:49
PO102997,S03,Steel coil,7.9,2025-07-30 15:49:53
PO102998,S03,Steel coil,22.3,2025-07-30 16:41:33
PO102999,S10,Spare parts,13.3,2025-07-31 08:31:07
PO103000,S08,Steel coil,22.9,2025-07-31 13:18:49
PO103001,S12,Resin/Chemicals,10.5,2025-07-31 13:19:33
PO103002,S06,Packaging,9.6,2025-07-31 22:26:44
PO103003,S06,Packaging,25.3,2025-08-01 12:20:42
PO103004,S08,Steel coil,26.3,2025-08-01 10:53:05
PO103005,S08,Steel coil,23.3,2025-08-01 11:58:52
PO103006,S04,Agro raw material,5.4,2025-08-01 09:05:16
PO103007,S10,Spare parts,16.4,2025-08-01 14:26:47
PO103008,S05,Spare parts,19.6,2025-08-02 12:31:14
PO103009,S03,Steel coil,11.5,2025-08-02 15:09:34
PO103010,S10,Spare parts,13.7,2025-08-02 14:21:58
PO103011,S12,Resin/Chemicals,24.3,2025-08-03 15:06:56
PO103012,S01,Packaging,8.5,2025-08-04 17:01:36
PO103013,S09,Agro raw material,9.7,2025-08-04 15:33:07
PO103014,S11,Packaging,21.9,2025-08-04 10:47:20
PO103015,S06,Packaging,14.9,2025-08-04 20:46:53
PO103016,S09,Agro raw material,21.4,2025-08-04 07:05:00
PO103017,S03,Steel coil,21.6,2025-08-04 16:00:10
PO103018,S04,Agro raw material,12.2,2025-08-04 12:29:10
PO103019,S10,Spare parts,22.9,2025-08-04 09:35:21
PO103020,s03,Steel coil,17.5,2025-08-04 12:28:51
PO103021,S01,Packaging,15.0,2025-08-04 08:13:02
PO103022,S11,Packaging,20.5,2025-08-04 15:04:27
PO103023,S03,Steel coil,28.0,2025-08-05 08:31:21
PO103024,S01,Packaging,18.6,2025-08-05 08:11:26
PO103025,S05,Spare parts,15.0,2025-08-05 18:20:16
PO103026,S06,Packaging,15.9,2025-08-05 12:55:36
PO103027,S08,Steel coil,21.0,2025-08-05 07:30:13
PO103028,S08,Steel coil,26.5,2025-08-05 10:27:45
PO103029,S11,Packaging,6.2,2025-08-05 20:21:03
PO103030,S03,Steel coil,27.8,2025-08-05 13:43:09
PO103031,S11,Packaging,18.2,2025-08-05 18:25:38
PO103032,S04,Agro raw material,6.5,2025-08-05 15:14:31
PO103033,S06,Packaging,24.7,2025-08-05 19:52:59
PO103034,S04,Agro raw material,8.1,2025-08-06 18:16:57
PO103035,S02,Resin/Chemicals,22.0,2025-08-06 13:51:26
PO103036,S12,Resin/Chemicals,9.7,2025-08-06 15:36:48
PO103037,S10,Spare parts,10.7,2025-08-06 18:08:09
PO103038,S10,Spare parts,8.6,2025-08-06 10:35:40
PO103039,S06,Packaging,19.5,2025-08-07 21:15:09
PO103040,S09,Agro raw material,10.6,2025-08-07 16:30:11
PO103041,S07,Resin/Chemicals,11.0,2025-08-07 10:51:04
PO103042,S09,Agro raw material,10.1,2025-08-07 07:57:46
PO103043,S09,Agro raw material,14.9,2025-08-07 13:51:01
PO103044,S05,Spare parts,9.6,2025-08-08 17:56:07
PO103045,S12,Resin/Chemicals,18.2,2025-08-08 12:02:57
PO103046,S10,Spare parts,15.4,2025-08-08 17:49:18
PO103047,S08,Steel coil,19.7,2025-08-08 10:43:59
PO103048,S02,Resin/Chemicals,7.0,2025-08-08 12:59:29
PO103049,S01,Packaging,19.1,2025-08-08 06:57:18
PO103050,S01,Packaging,14.9,2025-08-08 10:44:37
PO103051,S12,Resin/Chemicals,8.6,2025-08-09 18:31:45
PO103052,S07,Resin/Chemicals,5.2,2025-08-09 09:22:26
PO103053,S09,Agro raw material,22.5,2025-08-10 11:54:10
PO103054,S08,Steel coil,6.0,2025-08-10 07:50:07
PO103055,S04,Agro raw material,13.1,2025-08-11 10:35:45
PO103056,S03,Steel coil,17.6,2025-08-11 16:38:54
PO103057,S05,Spare parts,16.7,2025-08-11 18:51:46
PO103058,S08,Steel coil,22.1,2025-08-11 16:22:34
PO103059,S05,Spare parts,24.3,2025-08-11 13:08:36
PO103060,S02,Resin/Chemicals,20.0,2025-08-12 16:10:05
PO103061,S08,Steel coil,22.2,2025-08-12 14:12:11
PO103062,S12,Resin/Chemicals,12.6,2025-08-12 16:37:46
PO103063,S08,Steel coil,17.5,2025-08-13 08:07:31
PO103064,S07,Resin/Chemicals,5.9,2025-08-13 06:30:40
PO103065,S02,Resin/Chemicals,6.4,2025-08-13 15:53:47
PO103066,S07,Resin/Chemicals,21.4,2025-08-13 09:27:03
PO103067,S11,Packaging,8.9,2025-08-13 10:43:54
PO103068,S03,Steel coil,21.8,2025-08-13 16:12:17
PO103069,S06,Packaging,16.9,2025-08-13 16:12:07
PO103070,S05,Spare parts,10.6,2025-08-13 20:04:35
PO103071,S01,Packaging,15.4,2025-08-13 07:05:48
PO103072,S04,Agro raw material,13.8,2025-08-14 15:30:39
PO103073,S11,Packaging,8.4,2025-08-14 11:53:31
PO103074,S03,Steel coil,19.5,2025-08-14 15:25:21
PO103075,S09,Agro raw material,25.3,2025-08-15 11:42:02
PO103076,S06,Packaging,25.3,2025-08-15 14:14:41
PO103077,S10,Spare parts,20.9,2025-08-15 13:05:16
PO103078,S09,Agro raw material,21.4,2025-08-15 13:45:51
PO103079,S03,Steel coil,15.0,2025-08-15 14:05:45
PO103080,S05,Spare parts,6.4,2025-08-15 17:03:14
PO103081,S01,Packaging,13.5,2025-08-16 09:30:08
PO103082,S09,Agro raw material,27.0,2025-08-16 15:17:49
PO103083,S02,Resin/Chemicals,9.4,2025-08-18 13:50:47
PO103084,S06,Packaging,23.4,2025-08-18 11:49:31
PO103085,S06,Packaging,8.3,2025-08-18 12:53:57
PO103086,S02,Resin/Chemicals,10.3,2025-08-18 07:31:26
PO103087,S02,Resin/Chemicals,24.6,2025-08-18 06:24:24
PO103088,S12,Resin/Chemicals,7.0,2025-08-18 12:08:48
PO103089,S10,Spare parts,7.7,2025-08-19 16:39:20
PO103090,S07,Resin/Chemicals,20.4,2025-08-19 16:28:35
PO103091,S09,Agro raw material,18.0,2025-08-19 14:31:46
PO103092,S04,Agro raw material,18.0,2025-08-19 15:14:28
PO103093,S07,Resin/Chemicals,12.2,2025-08-19 08:51:36
PO103094,S10,Spare parts,25.1,2025-08-19 13:41:02
PO103095,S12,Resin/Chemicals,26.4,2025-08-19 12:48:12
PO103096,S07,Resin/Chemicals,6.1,2025-08-19 13:35:11
PO103097,S01,Packaging,25.0,2025-08-20 11:47:21
PO103098,S08,Steel coil,13.5,2025-08-20 09:11:13
PO103099,S12,Resin/Chemicals,19.1,2025-08-20 19:19:59
PO103100,S10,Spare parts,17.4,2025-08-20 08:44:01
PO103101,S11,Packaging,20.5,2025-08-20 19:38:04
PO103102,s08,Steel coil,7.6,2025-08-21 16:13:10
PO103103,S04,Agro raw material,20.1,2025-08-21 12:13:18
PO103104,S04,Agro raw material,23.1,2025-08-21 10:15:16
PO103105,S04,Agro raw material,19.1,2025-08-21 15:53:27
PO103106,S07,Resin/Chemicals,10.8,2025-08-21 06:52:55
PO103107,S03,Steel coil,15.4,2025-08-22 07:38:23
PO103108,S03,Steel coil,17.1,2025-08-22 17:12:52
PO103109,S03,Steel coil,11.9,2025-08-22 10:17:13
PO103110,S03,Steel coil,14.8,2025-08-22 07:39:32
PO103111,S12,Resin/Chemicals,5.1,2025-08-22 14:07:27
PO103112,S12,Resin/Chemicals,17.2,2025-08-22 13:02:26
PO103113,S09,Agro raw material,15.8,2025-08-22 16:49:14
PO103114,S04,Agro raw material,19.2,2025-08-22 11:34:47
PO103115,S09,Agro raw material,21.2,2025-08-22 08:00:56
PO103116,S09,Agro raw material,13.6,2025-08-23 17:10:52
PO103117,S05,Spare parts,18.8,2025-08-23 12:06:30
PO103118,S09,Agro raw material,14.8,2025-08-23 13:44:43
PO103119,S11,Packaging,18.5,2025-08-24 14:56:26
PO103120,S02,Resin/Chemicals,6.1,2025-08-25 06:52:35
PO103121,S05,Spare parts,17.9,2025-08-25 20:43:05
PO103122,S11,Packaging,16.3,2025-08-25 20:20:05
PO103123,S02,Resin/Chemicals,24.9,2025-08-25 16:48:47
PO103124,S08,Steel coil,20.4,2025-08-25 14:13:00
PO103125,S11,Packaging,12.3,2025-08-25 17:04:18
PO103126,S08,Steel coil,11.5,2025-08-25 09:19:07
PO103127,S09,Agro raw material,18.3,2025-08-25 12:38:01
PO103128,S01,Packaging,14.8,2025-08-26 11:19:01
PO103129,S02,Resin/Chemicals,25.3,2025-08-26 16:06:48
PO103130,S11,Packaging,20.8,2025-08-26 10:58:15
PO103131,S07,Resin/Chemicals,26.0,2025-08-26 12:03:15
PO103132,S02,Resin/Chemicals,19.0,2025-08-26 14:29:27
PO103133,S06,Packaging,13.3,2025-08-27 21:12:10
PO103134,S08,Steel coil,9.8,2025-08-27 07:37:37
PO103135,S05,Spare parts,5.6,2025-08-27 20:34:48
PO103136,S03,Steel coil,15.8,2025-08-27 07:18:03
PO103137,S12,Resin/Chemicals,10.7,2025-08-28 21:56:52
PO103138,S08,Steel coil,15.5,2025-08-28 11:29:38
PO103139,S08,Steel coil,15.6,2025-08-28 10:30:03
PO103140,S05,Spare parts,10.1,2025-08-28 17:50:12
PO103141,S08,Steel coil,10.8,2025-08-28 10:36:56
PO103142,S11,Packaging,11.1,2025-08-28 11:26:01
PO103143,S04,Agro raw material,25.9,2025-08-29 07:43:21
PO103144,S04,Agro raw material,17.4,2025-08-29 18:09:07
PO103145,S04,Agro raw material,17.0,2025-08-29 08:50:56
PO103146,S03,Steel coil,23.5,2025-08-30 14:50:49
PO103147,S11,Packaging,7.7,2025-08-30 17:22:17
PO103148,S06,Packaging,10.2,2025-09-01 13:53:36
PO103149,S02,Resin/Chemicals,21.7,2025-09-01 11:50:11
PO103150,S10,Spare parts,26.2,2025-09-02 08:15:48
PO103151,S06,Packaging,8.9,2025-09-02 18:36:16
PO103152,S07,Resin/Chemicals,11.2,2025-09-02 16:26:16
PO103153,S04,Agro raw material,25.6,2025-09-03 09:01:29
PO103154,S10,Spare parts,17.2,2025-09-03 13:30:34
PO103155,S03,Steel coil,26.2,2025-09-03 16:19:39
PO103156,S09,Agro raw material,19.0,2025-09-03 15:47:03
PO103157,S05,Spare parts,18.4,2025-09-03 12:01:22
PO103158,S06,Packaging,14.2,2025-09-04 19:48:28
PO103159,S01,Packaging,14.3,2025-09-04 07:51:16
PO103160,S02,Resin/Chemicals,22.0,2025-09-04 07:59:10
PO103161,S10,Spare parts,11.3,2025-09-04 11:00:15
PO103162,S12,Resin/Chemicals,25.1,2025-09-04 12:28:34
PO103163,S10,Spare parts,25.2,2025-09-04 16:26:22
PO103164,S06,Packaging,15.7,2025-09-04 16:02:05
PO103165,S06,Packaging,18.9,2025-09-04 14:53:15
PO103166,S08,Steel coil,10.5,2025-09-04 06:16:59
PO103167,S02,Resin/Chemicals,10.5,2025-09-05 10:09:20
PO103168,S10,Spare parts,24.4,2025-09-05 12:57:26
PO103169,S01,Packaging,17.1,2025-09-05 13:07:46
PO103170,S02,Resin/Chemicals,9.6,2025-09-05 08:05:14
PO103171,S09,Agro raw material,16.5,2025-09-05 13:00:41
PO103172,S12,Resin/Chemicals,10.2,2025-09-07 18:36:21
PO103173,S06,Packaging,18.5,2025-09-08 19:19:17
PO103174,S07,Resin/Chemicals,11.2,2025-09-08 14:22:29
PO103175,S06,Packaging,16.2,2025-09-08 15:15:32
PO103176,S06,Packaging,20.0,2025-09-08 19:16:19
PO103177,S01,Packaging,23.1,2025-09-08 14:08:11
PO103178,S01,Packaging,25.6,2025-09-08 09:27:48
PO103179,S06,Packaging,9.0,2025-09-08 21:51:08
PO103180,S09,Agro raw material,22.0,2025-09-08 10:52:27
PO103181,S01,Packaging,16.7,2025-09-08 09:17:25
PO103182,S12,Resin/Chemicals,26.2,2025-09-08 16:13:29
PO103183,S04,Agro raw material,11.3,2025-09-08 11:56:19
PO103184,S10,Spare parts,18.6,2025-09-09 09:36:13
PO103185,S03,Steel coil,16.0,2025-09-09 08:26:12
PO103186,S06,Packaging,8.0,2025-09-09 15:03:12
PO103187,S04,Agro raw material,16.5,2025-09-09 17:20:09
PO103188,S11,Packaging,14.2,2025-09-10 17:37:23
PO103189,S03,Steel coil,16.6,2025-09-10 17:16:07
PO103190,S11,Packaging,11.8,2025-09-10 18:57:26
PO103191,S11,Packaging,14.5,2025-09-10 18:17:23
PO103192,S11,Packaging,9.2,2025-09-10 20:44:08
PO103193,S06,Packaging,7.9,2025-09-10 20:16:23
PO103194,S07,Resin/Chemicals,25.5,2025-09-10 12:58:24
PO103195,S07,Resin/Chemicals,15.1,2025-09-11 06:34:46
PO103196,S05,Spare parts,27.6,2025-09-11 11:02:21
PO103197,S12,Resin/Chemicals,24.1,2025-09-11 21:19:50
PO103198,S06,Packaging,8.4,2025-09-11 21:20:06
PO103199,S01,Packaging,14.0,2025-09-12 16:02:22
PO103200,S09,Agro raw material,24.1,2025-09-12 12:56:57
PO103201,S04,Agro raw material,7.3,2025-09-12 18:03:57
PO103202,S04,Agro raw material,25.7,2025-09-12 15:44:36
PO103203,S06,Packaging,26.9,2025-09-12 21:19:40
PO103204,S01,Packaging,16.1,2025-09-12 09:58:42
PO103205,S10,Spare parts,12.3,2025-09-12 13:38:10
PO103206,S10,Spare parts,19.6,2025-09-13 18:12:45
PO103207,S05,Spare parts,25.7,2025-09-13 15:48:27
PO103208,S10,Spare parts,6.5,2025-09-13 17:41:30
PO103209,S05,Spare parts,22.3,2025-09-13 21:25:58
PO103210,S04,Agro raw material,16.7,2025-09-14 10:02:24
PO103211,S07,Resin/Chemicals,12.3,2025-09-15 09:23:20
PO103212,S01,Packaging,22.5,2025-09-15 14:31:40
PO103213,S02,Resin/Chemicals,27.5,2025-09-15 07:09:13
PO103214,S06,Packaging,11.6,2025-09-15 14:30:33
PO103215,S09,Agro raw material,26.9,2025-09-15 10:50:24
PO103216,S09,Agro raw material,19.2,2025-09-15 16:10:21
PO103217,s06,Packaging,13.2,2025-09-15 18:32:12
PO103218,S03,Steel coil,25.5,2025-09-15 12:33:50
PO103219,S08,Steel coil,12.0,2025-09-15 11:46:44
PO103220,S10,Spare parts,22.6,2025-09-16 16:05:44
PO103221,S08,Steel coil,5.5,2025-09-16 16:44:24
PO103222,S11,Packaging,23.5,2025-09-16 11:35:20
PO103223,S12,Resin/Chemicals,18.3,2025-09-16 20:59:44
PO103224,s01,Packaging,13.6,2025-09-16 15:51:11
PO103225,S04,Agro raw material,11.9,2025-09-16 07:36:42
PO103226,S02,Resin/Chemicals,12.3,2025-09-16 15:49:11
PO103227,S09,Agro raw material,20.1,2025-09-17 17:14:11
PO103228,S01,Packaging,19.1,2025-09-17 12:52:11
PO103229,S02,Resin/Chemicals,25.9,2025-09-17 13:08:23
PO103230,S06,Packaging,6.7,2025-09-17 11:41:57
PO103231,S11,Packaging,9.2,2025-09-17 19:16:47
PO103232,S12,Resin/Chemicals,14.1,2025-09-18 12:45:54
PO103233,S07,Resin/Chemicals,26.5,2025-09-18 07:13:55
PO103234,S12,Resin/Chemicals,11.1,2025-09-18 17:15:51
PO103235,S05,Spare parts,21.3,2025-09-18 11:40:40
PO103236,S11,Packaging,14.6,2025-09-19 12:34:33
PO103237,S04,Agro raw material,9.9,2025-09-19 13:08:39
PO103238,S03,Steel coil,11.4,2025-09-19 11:42:55
PO103239,S12,Resin/Chemicals,26.0,2025-09-20 20:21:37
PO103240,S09,Agro raw material,10.1,2025-09-20 13:41:52
PO103241,S09,Agro raw material,14.3,2025-09-20 10:48:10
PO103242,s02,Resin/Chemicals,16.8,2025-09-20 07:20:13
PO103243,S12,Resin/Chemicals,22.8,2025-09-20 20:41:31
PO103244,S02,Resin/Chemicals,25.1,2025-09-20 14:28:38
PO103245,S09,Agro raw material,15.4,2025-09-21 16:19:10
PO103246,S08,Steel coil,22.6,2025-09-22 07:46:47
PO103247,S03,Steel coil,6.4,2025-09-22 11:28:04
PO103248,S11,Packaging,11.8,2025-09-22 12:03:10
PO103249,S09,Agro raw material,11.1,2025-09-22 17:52:43
PO103250,S01,Packaging,5.0,2025-09-22 13:08:40
PO103251,S11,Packaging,26.1,2025-09-23 12:10:36
PO103252,S12,Resin/Chemicals,7.1,2025-09-23 17:54:09
PO103253,S06,Packaging,15.7,2025-09-23 19:47:11
PO103254,S08,Steel coil,13.0,2025-09-23 08:58:24
PO103255,S06,Packaging,15.6,2025-09-23 14:35:01
PO103256,S04,Agro raw material,13.8,2025-09-23 15:15:47
PO103257,S04,Agro raw material,14.3,2025-09-23 08:42:55
PO103258,S10,Spare parts,16.0,2025-09-23 16:59:20
PO103259,S10,Spare parts,14.1,2025-09-23 11:21:58
PO103260,S03,Steel coil,25.8,2025-09-23 11:20:45
PO103261,S09,Agro raw material,25.1,2025-09-24 15:16:51
PO103262,S08,Steel coil,12.3,2025-09-24 15:28:04
PO103263,S06,Packaging,16.7,2025-09-24 18:31:04
PO103264,S02,Resin/Chemicals,20.1,2025-09-24 06:07:35
PO103265,S11,Packaging,24.3,2025-09-24 20:30:05
PO103266,S09,Agro raw material,25.1,2025-09-24 16:32:47
PO103267,S06,Packaging,24.8,2025-09-25 11:36:26
PO103268,S11,Packaging,6.7,2025-09-25 16:06:22
PO103269,S11,Packaging,14.1,2025-09-25 14:09:14
PO103270,S06,Packaging,7.7,2025-09-25 17:16:55
PO103271,S07,Resin/Chemicals,12.5,2025-09-25 14:12:03
PO103272,S11,Packaging,17.3,2025-09-26 13:52:53
PO103273,S10,Spare parts,23.2,2025-09-26 09:21:23
PO103274,S09,Agro raw material,11.3,2025-09-26 15:26:00
PO103275,S10,Spare parts,21.0,2025-09-26 16:16:06
PO103276,S01,Packaging,21.5,2025-09-26 06:56:15
PO103277,S08,Steel coil,25.1,2025-09-26 10:49:01
PO103278,S06,Packaging,21.8,2025-09-26 16:57:22
PO103279,S04,Agro raw material,11.3,2025-09-26 07:49:02
PO103280,S10,Spare parts,24.4,2025-09-27 12:31:38
PO103281,S11,Packaging,8.8,2025-09-27 16:17:46
PO103282,S04,Agro raw material,21.8,2025-09-27 14:49:06
PO103283,S04,Agro raw material,23.0,2025-09-29 14:14:13
PO103284,S03,Steel coil,16.0,2025-09-29 08:07:32
PO103285,S08,Steel coil,21.6,2025-09-29 06:06:56
PO103286,S06,Packaging,5.5,2025-09-29 17:36:21
PO103287,S01,Packaging,15.1,2025-09-30 10:39:11
PO103288,S01,Packaging,17.4,2025-09-30 10:30:27
PO103289,S01,Packaging,27.5,2025-09-30 11:35:14
PO103290,s11,Packaging,8.4,2025-09-30 17:44:53
PO103291,S12,Resin/Chemicals,16.2,2025-09-30 11:45:13
PO103292,S03,Steel coil,13.8,2025-09-30 10:17:44
PO103293,S02,Resin/Chemicals,19.8,2025-09-30 06:29:59
PO103294,S10,Spare parts,16.1,2025-09-30 11:41:43
PO103295,S07,Resin/Chemicals,27.7,2025-09-30 10:52:00
PO103296,S09,Agro raw material,7.0,2025-09-30 15:29:10
PO103297,S04,Agro raw material,16.4,2025-10-01 12:29:56
PO103298,S01,Packaging,6.2,2025-10-01 09:43:53
PO103299,S06,Packaging,12.4,2025-10-01 20:07:08
PO103300,S12,Resin/Chemicals,14.3,2025-10-01 14:57:44
PO103301,S06,Packaging,9.6,2025-10-01 13:57:38
PO103302,S02,Resin/Chemicals,21.6,2025-10-01 10:22:02
PO103303,S06,Packaging,22.1,2025-10-02 20:36:44
PO103304,S02,Resin/Chemicals,14.6,2025-10-02 14:09:56
PO103305,S11,Packaging,10.5,2025-10-03 12:06:36
PO103306,S09,Agro raw material,19.4,2025-10-03 17:56:42
PO103307,S09,Agro raw material,12.4,2025-10-03 07:36:22
PO103308,S12,Resin/Chemicals,25.2,2025-10-03 19:22:34
PO103309,S04,Agro raw material,24.5,2025-10-03 08:47:19
PO103310,S07,Resin/Chemicals,18.3,2025-10-03 17:10:57
PO103311,S03,Steel coil,23.3,2025-10-03 15:22:19
PO103312,S01,Packaging,9.7,2025-10-03 06:59:25
PO103313,S06,Packaging,26.5,2025-10-04 15:30:08
PO103314,S02,Resin/Chemicals,19.4,2025-10-04 14:15:13
PO103315,S12,Resin/Chemicals,5.8,2025-10-04 12:17:48
PO103316,S06,Packaging,17.3,2025-10-04 11:37:15
PO103317,S04,Agro raw material,17.8,2025-10-04 09:36:37
PO103318,S06,Packaging,26.6,2025-10-04 12:20:20
PO103319,S09,Agro raw material,7.0,2025-10-04 12:02:13
PO103320,S06,Packaging,13.5,2025-10-04 12:29:41
PO103321,S02,Resin/Chemicals,19.2,2025-10-06 06:06:33
PO103322,S03,Steel coil,24.9,2025-10-06 12:27:32
PO103323,s07,Resin/Chemicals,22.6,2025-10-06 11:03:50
PO103324,S04,Agro raw material,8.4,2025-10-06 13:37:59
PO103325,S01,Packaging,14.7,2025-10-06 08:42:45
PO103326,S09,Agro raw material,14.4,2025-10-06 07:52:04
PO103327,S06,Packaging,17.0,2025-10-06 20:33:04
PO103328,S09,Agro raw material,11.8,2025-10-06 09:41:44
PO103329,S12,Resin/Chemicals,10.2,2025-10-07 13:55:59
PO103330,S11,Packaging,10.1,2025-10-07 19:56:09
PO103331,S09,Agro raw material,27.0,2025-10-08 07:39:28
PO103332,S04,Agro raw material,16.6,2025-10-08 16:14:22
PO103333,S08,Steel coil,17.5,2025-10-08 12:43:42
PO103334,S11,Packaging,5.8,2025-10-08 16:32:38
PO103335,S02,Resin/Chemicals,5.2,2025-10-09 12:42:32
PO103336,S12,Resin/Chemicals,27.2,2025-10-09 16:43:06
PO103337,S05,Spare parts,25.9,2025-10-09 18:10:25
PO103338,S01,Packaging,20.6,2025-10-09 09:29:48
PO103339,S07,Resin/Chemicals,12.8,2025-10-09 13:41:42
PO103340,S11,Packaging,16.9,2025-10-10 19:43:10
PO103341,S06,Packaging,26.3,2025-10-10 16:24:39
PO103342,S08,Steel coil,9.9,2025-10-11 16:02:44
PO103343,S12,Resin/Chemicals,13.1,2025-10-11 19:08:00
PO103344,S01,Packaging,25.2,2025-10-11 14:33:51
PO103345,S04,Agro raw material,9.7,2025-10-11 10:40:32
PO103346,S12,Resin/Chemicals,20.1,2025-10-11 15:43:00
PO103347,S05,Spare parts,11.8,2025-10-12 11:52:44
PO103348,S07,Resin/Chemicals,17.2,2025-10-13 11:21:39
PO103349,S06,Packaging,9.7,2025-10-13 15:21:26
PO103350,S08,Steel coil,17.5,2025-10-13 16:17:10
PO103351,S06,Packaging,8.0,2025-10-13 18:49:43
PO103352,S02,Resin/Chemicals,21.9,2025-10-14 08:36:24
PO103353,S06,Packaging,18.4,2025-10-14 12:53:04
PO103354,S10,Spare parts,25.5,2025-10-14 13:31:23
PO103355,S01,Packaging,16.7,2025-10-14 12:18:07
PO103356,S06,Packaging,20.0,2025-10-14 17:23:38
PO103357,S03,Steel coil,26.3,2025-10-14 17:17:05
PO103358,S07,Resin/Chemicals,12.3,2025-10-14 13:24:53
PO103359,S08,Steel coil,19.6,2025-10-15 10:43:08
PO103360,S04,Agro raw material,17.5,2025-10-15 14:41:17
PO103361,S04,Agro raw material,19.4,2025-10-15 16:56:12
PO103362,S09,Agro raw material,15.5,2025-10-15 07:56:20
PO103363,S01,Packaging,18.9,2025-10-15 10:15:57
PO103364,S11,Packaging,12.6,2025-10-16 12:00:32
PO103365,S06,Packaging,25.9,2025-10-16 19:59:56
PO103366,S01,Packaging,7.8,2025-10-16 14:54:39
PO103367,S12,Resin/Chemicals,18.5,2025-10-16 15:51:07
PO103368,S03,Steel coil,20.2,2025-10-16 07:15:04
PO103369,S03,Steel coil,8.5,2025-10-16 13:56:02
PO103370,S06,Packaging,5.5,2025-10-16 12:31:21
PO103371,S12,Resin/Chemicals,21.1,2025-10-16 15:14:21
PO103372,S07,Resin/Chemicals,10.5,2025-10-16 09:47:05
PO103373,S04,Agro raw material,13.1,2025-10-16 16:02:28
PO103374,S03,Steel coil,5.5,2025-10-17 17:49:22
PO103375,S09,Agro raw material,9.6,2025-10-17 14:44:34
PO103376,S11,Packaging,12.4,2025-10-17 10:38:19
PO103377,S01,Packaging,23.5,2025-10-17 14:09:58
PO103378,S01,Packaging,11.4,2025-10-18 13:53:30
PO103379,S03,Steel coil,15.8,2025-10-18 07:03:54
PO103380,S04,Agro raw material,11.3,2025-10-19 16:09:49
PO103381,s12,Resin/Chemicals,10.5,2025-10-20 15:19:53
PO103382,S03,Steel coil,5.8,2025-10-20 10:02:30
PO103383,S12,Resin/Chemicals,23.7,2025-10-20 15:18:20
PO103384,S04,Agro raw material,5.8,2025-10-20 08:55:14
PO103385,S10,Spare parts,19.2,2025-10-21 10:06:16
PO103386,S03,Steel coil,25.7,2025-10-21 17:33:21
PO103387,S05,Spare parts,5.2,2025-10-21 18:51:58
PO103388,S01,Packaging,17.6,2025-10-21 08:20:29
PO103389,S03,Steel coil,27.8,2025-10-21 17:36:36
PO103390,S04,Agro raw material,21.2,2025-10-21 17:03:11
PO103391,S08,Steel coil,13.6,2025-10-21 07:32:44
PO103392,S06,Packaging,20.3,2025-10-21 16:21:56
PO103393,S12,Resin/Chemicals,16.3,2025-10-21 15:14:58
PO103394,S11,Packaging,21.7,2025-10-21 10:52:17
PO103395,S11,Packaging,10.7,2025-10-21 20:00:03
PO103396,S05,Spare parts,27.4,2025-10-22 17:50:58
PO103397,S08,Steel coil,20.5,2025-10-22 10:33:19
PO103398,S05,Spare parts,5.4,2025-10-22 18:54:26
PO103399,S04,Agro raw material,14.8,2025-10-22 16:19:11
PO103400,S07,Resin/Chemicals,17.2,2025-10-22 16:36:48
PO103401,S08,Steel coil,27.5,2025-10-22 16:30:21
PO103402,S09,Agro raw material,21.8,2025-10-22 15:18:40
PO103403,S01,Packaging,21.7,2025-10-22 07:59:33
PO103404,S09,Agro raw material,6.7,2025-10-22 08:19:17
PO103405,S04,Agro raw material,7.9,2025-10-23 15:42:54
PO103406,S09,Agro raw material,21.4,2025-10-23 09:00:23
PO103407,S12,Resin/Chemicals,26.8,2025-10-23 19:37:54
PO103408,S08,Steel coil,26.8,2025-10-23 16:06:13
PO103409,S12,Resin/Chemicals,15.4,2025-10-23 20:04:21
PO103410,S06,Packaging,12.2,2025-10-23 13:49:35
PO103411,S03,Steel coil,11.4,2025-10-23 17:34:06
PO103412,S05,Spare parts,21.1,2025-10-24 13:17:18
PO103413,S07,Resin/Chemicals,18.9,2025-10-24 08:17:56
PO103414,S02,Resin/Chemicals,17.2,2025-10-24 11:43:36
PO103415,S02,Resin/Chemicals,9.9,2025-10-25 10:27:58
PO103416,S10,Spare parts,23.5,2025-10-25 12:40:31
PO103417,S03,Steel coil,21.4,2025-10-25 09:25:44
PO103418,S11,Packaging,8.1,2025-10-25 16:00:22
PO103419,S11,Packaging,5.5,2025-10-25 20:16:14
PO103420,S09,Agro raw material,16.7,2025-10-27 17:06:10
PO103421,S01,Packaging,19.6,2025-10-27 07:04:46
PO103422,S08,Steel coil,15.0,2025-10-27 14:19:50
PO103423,S09,Agro raw material,6.4,2025-10-27 15:53:02
PO103424,S11,Packaging,25.6,2025-10-27 10:47:58
PO103425,S10,Spare parts,27.8,2025-10-28 09:26:45
PO103426,S09,Agro raw material,6.2,2025-10-28 17:57:33
PO103427,S07,Resin/Chemicals,24.0,2025-10-28 06:54:32
PO103428,S06,Packaging,8.6,2025-10-28 17:34:12
PO103429,S03,Steel coil,22.6,2025-10-28 11:56:58
PO103430,S03,Steel coil,25.5,2025-10-28 16:51:40
PO103431,S06,Packaging,7.7,2025-10-28 21:53:21
PO103432,S11,Packaging,27.8,2025-10-28 18:54:01
PO103433,S11,Packaging,7.0,2025-10-29 12:04:56
PO103434,S01,Packaging,25.9,2025-10-29 12:18:58
PO103435,S04,Agro raw material,24.5,2025-10-29 18:23:14
PO103436,S04,Agro raw material,13.7,2025-10-29 11:11:09
PO103437,S11,Packaging,17.8,2025-10-29 20:35:22
PO103438,S11,Packaging,17.9,2025-10-29 13:40:57
PO103439,S11,Packaging,17.8,2025-10-30 10:31:11
PO103440,S08,Steel coil,22.9,2025-10-30 10:19:52
PO103441,S06,Packaging,20.2,2025-10-30 11:52:59
PO103442,S10,Spare parts,6.4,2025-10-30 08:16:12
PO103443,S12,Resin/Chemicals,26.3,2025-10-30 14:05:15
PO103444,S12,Resin/Chemicals,26.5,2025-10-30 12:50:01
PO103445,S09,Agro raw material,15.3,2025-10-30 13:20:24
PO103446,S01,Packaging,26.8,2025-10-30 15:30:30
PO103447,S03,Steel coil,10.4,2025-10-31 07:37:03
PO103448,S11,Packaging,16.1,2025-10-31 12:48:27
PO103449,S11,Packaging,21.4,2025-10-31 14:19:59
PO103450,S09,Agro raw material,14.3,2025-10-31 11:52:46
PO103451,S07,Resin/Chemicals,8.0,2025-10-31 15:10:36
PO103452,s12,Resin/Chemicals,15.3,2025-10-31 13:26:44
PO103453,S08,Steel coil,24.1,2025-10-31 11:16:19
PO103454,S08,Steel coil,11.1,2025-10-31 10:20:40
PO103455,S09,Agro raw material,9.7,2025-10-31 16:38:36
PO103456,S12,Resin/Chemicals,24.4,2025-11-01 16:12:50
PO103457,S12,Resin/Chemicals,17.2,2025-11-01 18:15:01
PO103458,S03,Steel coil,13.3,2025-11-01 10:44:36
PO103459,S08,Steel coil,8.3,2025-11-01 09:38:04
PO103460,S06,Packaging,17.8,2025-11-01 13:08:43
PO103461,S01,Packaging,27.0,2025-11-01 16:03:44
PO103462,S08,Steel coil,14.5,2025-11-01 13:48:02
PO103463,S03,Steel coil,12.5,2025-11-02 14:26:30
PO103464,S04,Agro raw material,11.8,2025-11-03 11:55:36
PO103465,S02,Resin/Chemicals,8.5,2025-11-03 13:31:42
PO103466,S05,Spare parts,24.9,2025-11-03 16:50:13
PO103467,S01,Packaging,5.4,2025-11-04 11:35:17
PO103468,S04,Agro raw material,22.9,2025-11-04 13:59:16
PO103469,S04,Agro raw material,14.9,2025-11-04 14:50:05
PO103470,S03,Steel coil,12.4,2025-11-04 08:52:53
PO103471,S06,Packaging,9.1,2025-11-04 12:31:17
PO103472,S10,Spare parts,21.3,2025-11-04 14:36:27
PO103473,S11,Packaging,23.7,2025-11-04 21:00:43
PO103474,S07,Resin/Chemicals,9.4,2025-11-04 12:05:45
PO103475,S04,Agro raw material,18.9,2025-11-04 14:59:25
PO103476,S05,Spare parts,18.7,2025-11-05 12:29:37
PO103477,S03,Steel coil,23.7,2025-11-05 09:36:52
PO103478,S03,Steel coil,16.3,2025-11-05 15:10:07
PO103479,S12,Resin/Chemicals,10.1,2025-11-05 20:57:21
PO103480,S09,Agro raw material,12.0,2025-11-05 07:33:49
PO103481,S02,Resin/Chemicals,23.7,2025-11-05 06:34:14
PO103482,S04,Agro raw material,22.4,2025-11-05 13:58:08
PO103483,S02,Resin/Chemicals,8.8,2025-11-06 08:03:23
PO103484,S04,Agro raw material,21.8,2025-11-06 14:50:34
PO103485,S06,Packaging,21.4,2025-11-07 14:29:36
PO103486,S06,Packaging,14.7,2025-11-07 16:55:37
PO103487,S05,Spare parts,27.3,2025-11-07 12:52:24
PO103488,S05,Spare parts,6.1,2025-11-07 16:48:44
PO103489,S10,Spare parts,7.8,2025-11-07 18:00:52
PO103490,S05,Spare parts,26.9,2025-11-07 14:24:07
PO103491,S01,Packaging,5.7,2025-11-08 12:19:10
PO103492,S03,Steel coil,19.8,2025-11-09 09:43:10
PO103493,s05,Spare parts,9.3,2025-11-09 17:30:51
PO103494,S03,Steel coil,7.4,2025-11-10 13:51:44
PO103495,S01,Packaging,15.3,2025-11-10 13:30:46
PO103496,S05,Spare parts,16.4,2025-11-10 19:18:57
PO103497,S02,Resin/Chemicals,19.4,2025-11-10 09:59:29
PO103498,S11,Packaging,15.6,2025-11-11 13:00:28
PO103499,S05,Spare parts,20.6,2025-11-11 15:09:49
PO103500,S09,Agro raw material,12.3,2025-11-11 13:54:46
PO103501,S05,Spare parts,12.4,2025-11-11 12:00:29
PO103502,S03,Steel coil,20.0,2025-11-11 13:14:17
PO103503,S11,Packaging,13.0,2025-11-11 11:03:54
PO103504,S01,Packaging,7.7,2025-11-11 11:33:41
PO103505,S01,Packaging,6.3,2025-11-12 11:59:43
PO103506,S07,Resin/Chemicals,16.4,2025-11-12 16:26:26
PO103507,S05,Spare parts,5.8,2025-11-12 10:57:26
PO103508,S10,Spare parts,18.5,2025-11-12 12:59:35
PO103509,S08,Steel coil,17.0,2025-11-13 13:00:11
PO103510,S04,Agro raw material,22.9,2025-11-13 12:36:09
PO103511,S07,Resin/Chemicals,20.4,2025-11-13 14:10:57
PO103512,s07,Resin/Chemicals,9.7,2025-11-13 09:15:47
PO103513,S11,Packaging,5.6,2025-11-13 21:14:06
PO103514,S02,Resin/Chemicals,9.6,2025-11-13 09:23:10
PO103515,S05,Spare parts,17.6,2025-11-14 17:17:08
PO103516,S08,Steel coil,17.5,2025-11-14 15:11:15
PO103517,S04,Agro raw material,7.9,2025-11-14 13:44:54
PO103518,S08,Steel coil,10.7,2025-11-14 13:23:44
PO103519,S03,Steel coil,21.6,2025-11-15 11:39:19
PO103520,S03,Steel coil,25.9,2025-11-15 08:19:27
PO103521,S02,Resin/Chemicals,17.8,2025-11-15 13:41:07
PO103522,S06,Packaging,24.3,2025-11-17 18:47:39
PO103523,S08,Steel coil,16.7,2025-11-17 16:20:49
PO103524,S04,Agro raw material,13.1,2025-11-17 11:49:08
PO103525,S06,Packaging,5.2,2025-11-17 16:34:21
PO103526,S05,Spare parts,12.3,2025-11-17 12:13:00
PO103527,S03,Steel coil,21.4,2025-11-18 10:35:44
PO103528,S04,Agro raw material,23.4,2025-11-18 07:41:56
PO103529,S06,Packaging,6.4,2025-11-18 16:44:33
PO103530,S01,Packaging,21.5,2025-11-19 07:51:46
PO103531,S07,Resin/Chemicals,18.5,2025-11-19 07:54:57
PO103532,S12,Resin/Chemicals,12.6,2025-11-19 14:00:17
PO103533,S06,Packaging,10.0,2025-11-19 11:44:41
PO103534,S01,Packaging,19.7,2025-11-20 11:37:08
PO103535,s06,Packaging,16.2,2025-11-20 14:32:15
PO103536,S05,Spare parts,13.0,2025-11-20 15:41:11
PO103537,S07,Resin/Chemicals,5.3,2025-11-20 10:26:36
PO103538,S11,Packaging,23.7,2025-11-20 12:02:27
PO103539,S08,Steel coil,8.0,2025-11-20 14:31:41
PO103540,s08,Steel coil,13.9,2025-11-20 16:43:30
PO103541,S06,Packaging,26.1,2025-11-20 16:37:33
PO103542,S03,Steel coil,12.2,2025-11-21 08:26:38
PO103543,S05,Spare parts,7.9,2025-11-21 16:01:42
PO103544,S09,Agro raw material,5.1,2025-11-21 15:28:25
PO103545,s07,Resin/Chemicals,18.0,2025-11-21 08:11:35
PO103546,S02,Resin/Chemicals,18.7,2025-11-21 09:25:14
PO103547,S04,Agro raw material,5.7,2025-11-21 08:06:05
PO103548,S03,Steel coil,27.5,2025-11-21 09:03:59
PO103549,S05,Spare parts,7.7,2025-11-22 15:23:30
PO103550,S06,Packaging,21.6,2025-11-22 15:05:15
PO103551,S01,Packaging,21.3,2025-11-22 11:09:45
PO103552,S04,Agro raw material,10.0,2025-11-22 11:13:18
PO103553,S07,Resin/Chemicals,21.8,2025-11-22 13:58:46
PO103554,S05,Spare parts,15.8,2025-11-22 12:41:12
PO103555,S04,Agro raw material,20.5,2025-11-23 10:19:55
PO103556,S07,Resin/Chemicals,8.0,2025-11-23 17:23:49
PO103557,S09,Agro raw material,16.5,2025-11-23 11:38:10
PO103558,S08,Steel coil,13.2,2025-11-24 15:27:30
PO103559,S08,Steel coil,7.0,2025-11-24 10:44:25
PO103560,S03,Steel coil,26.0,2025-11-24 16:47:19
PO103561,S05,Spare parts,22.6,2025-11-25 16:32:42
PO103562,S03,Steel coil,25.7,2025-11-25 16:36:29
PO103563,S10,Spare parts,6.5,2025-11-25 16:35:31
PO103564,S05,Spare parts,15.7,2025-11-25 17:54:52
PO103565,s04,Agro raw material,15.8,2025-11-25 13:50:47
PO103566,s08,Steel coil,27.5,2025-11-25 11:40:36
PO103567,S10,Spare parts,11.5,2025-11-25 15:43:52
PO103568,S11,Packaging,7.6,2025-11-26 13:07:59
PO103569,S01,Packaging,7.2,2025-11-26 07:11:20
PO103570,S07,Resin/Chemicals,15.0,2025-11-26 08:21:46
PO103571,S05,Spare parts,8.9,2025-11-26 17:46:16
PO103572,S09,Agro raw material,6.0,2025-11-26 07:16:21
PO103573,S03,Steel coil,8.7,2025-11-26 15:24:47
PO103574,S03,Steel coil,7.0,2025-11-27 14:55:17
PO103575,S02,Resin/Chemicals,6.7,2025-11-27 06:25:20
PO103576,S03,Steel coil,14.2,2025-11-27 09:36:13
PO103577,S04,Agro raw material,9.3,2025-11-28 12:06:04
PO103578,S09,Agro raw material,13.7,2025-11-28 16:39:39
PO103579,S08,Steel coil,21.7,2025-11-29 13:10:47
PO103580,S03,Steel coil,8.3,2025-12-01 08:34:28
PO103581,S11,Packaging,25.9,2025-12-01 19:58:07
PO103582,S10,Spare parts,20.7,2025-12-01 18:15:31
PO103583,S08,Steel coil,14.7,2025-12-01 10:46:27
PO103584,s05,Spare parts,16.6,2025-12-01 16:29:41
PO103585,S02,Resin/Chemicals,26.0,2025-12-02 13:35:40
PO103586,S02,Resin/Chemicals,13.3,2025-12-02 12:49:13
PO103587,S08,Steel coil,11.1,2025-12-02 15:10:42
PO103588,S06,Packaging,10.6,2025-12-02 21:01:06
PO103589,S12,Resin/Chemicals,12.5,2025-12-03 15:52:56
PO103590,S09,Agro raw material,18.2,2025-12-03 16:42:53
PO103591,S03,Steel coil,15.4,2025-12-03 10:39:37
PO103592,S05,Spare parts,7.5,2025-12-03 20:02:16
PO103593,S07,Resin/Chemicals,20.0,2025-12-03 08:55:00
PO103594,S12,Resin/Chemicals,13.4,2025-12-03 21:55:42
PO103595,S11,Packaging,7.1,2025-12-03 12:22:49
PO103596,S05,Spare parts,19.2,2025-12-03 19:35:17
PO103597,S12,Resin/Chemicals,14.1,2025-12-04 12:00:32
PO103598,S03,Steel coil,11.2,2025-12-04 16:43:30
PO103599,S05,Spare parts,21.9,2025-12-04 11:08:20
PO103600,S10,Spare parts,22.7,2025-12-04 07:58:35
PO103601,S04,Agro raw material,19.4,2025-12-04 16:44:02
PO103602,S04,Agro raw material,22.1,2025-12-04 16:59:05
PO103603,S10,Spare parts,11.9,2025-12-04 12:30:42
PO103604,S12,Resin/Chemicals,20.7,2025-12-04 18:02:33
PO103605,S02,Resin/Chemicals,11.9,2025-12-05 11:59:16
PO103606,S06,Packaging,7.1,2025-12-05 12:12:44
PO103607,S12,Resin/Chemicals,27.9,2025-12-05 18:13:11
PO103608,S10,Spare parts,12.1,2025-12-05 16:53:14
PO103609,S09,Agro raw material,18.6,2025-12-06 09:29:13
PO103610,S03,Steel coil,17.5,2025-12-06 10:11:05
PO103611,S05,Spare parts,19.8,2025-12-06 12:56:53
PO103612,S09,Agro raw material,17.1,2025-12-06 15:13:46
PO103613,S03,Steel coil,14.8,2025-12-06 07:26:45
PO103614,S02,Resin/Chemicals,10.5,2025-12-06 15:02:04
PO103615,S08,Steel coil,9.0,2025-12-08 08:18:09
PO103616,S08,Steel coil,7.7,2025-12-08 16:08:47
PO103617,S05,Spare parts,12.6,2025-12-08 10:33:07
PO103618,S09,Agro raw material,17.1,2025-12-08 10:52:23
PO103619,S05,Spare parts,14.0,2025-12-08 20:32:11
PO103620,S02,Resin/Chemicals,16.2,2025-12-08 15:06:07
PO103621,S10,Spare parts,10.9,2025-12-08 12:36:54
PO103622,S09,Agro raw material,6.9,2025-12-08 13:49:11
PO103623,S05,Spare parts,12.9,2025-12-09 15:25:06
PO103624,S07,Resin/Chemicals,6.3,2025-12-09 17:10:40
PO103625,S11,Packaging,13.9,2025-12-09 12:57:02
PO103626,s04,Agro raw material,21.8,2025-12-09 08:56:41
PO103627,S01,Packaging,12.1,2025-12-09 11:46:53
PO103628,S04,Agro raw material,12.2,2025-12-09 10:27:53
PO103629,S06,Packaging,10.0,2025-12-10 14:47:27
PO103630,S10,Spare parts,13.5,2025-12-10 16:11:43
PO103631,S04,Agro raw material,9.9,2025-12-10 15:27:17
PO103632,S01,Packaging,19.2,2025-12-10 07:51:04
PO103633,S12,Resin/Chemicals,25.6,2025-12-10 13:01:56
PO103634,S07,Resin/Chemicals,24.4,2025-12-10 16:22:49
PO103635,S09,Agro raw material,19.0,2025-12-10 09:17:17
PO103636,S12,Resin/Chemicals,6.4,2025-12-11 13:27:31
PO103637,S05,Spare parts,17.7,2025-12-11 20:14:20
PO103638,S04,Agro raw material,19.1,2025-12-11 08:03:34
PO103639,S03,Steel coil,14.5,2025-12-12 07:39:46
PO103640,S12,Resin/Chemicals,21.1,2025-12-12 14:10:09
PO103641,S08,Steel coil,9.1,2025-12-12 13:53:43
PO103642,S09,Agro raw material,5.9,2025-12-12 16:33:47
PO103643,S04,Agro raw material,7.9,2025-12-12 09:01:23
PO103644,S11,Packaging,23.6,2025-12-12 16:48:37
PO103645,S02,Resin/Chemicals,24.7,2025-12-12 16:00:09
PO103646,S12,Resin/Chemicals,9.5,2025-12-12 12:41:55
PO103647,S12,Resin/Chemicals,19.9,2025-12-13 19:11:08
PO103648,S07,Resin/Chemicals,16.1,2025-12-13 13:04:20
PO103649,S11,Packaging,7.7,2025-12-14 14:54:44
PO103650,S05,Spare parts,25.5,2025-12-14 11:22:41
PO103651,S01,Packaging,5.7,2025-12-15 09:02:50
PO103652,S05,Spare parts,18.9,2025-12-15 14:09:26
PO103653,S01,Packaging,20.0,2025-12-15 17:11:37
PO103654,S01,Packaging,17.2,2025-12-15 11:15:36
PO103655,S03,Steel coil,14.2,2025-12-15 08:39:35
PO103656,S09,Agro raw material,14.1,2025-12-15 14:24:03
PO103657,S10,Spare parts,16.4,2025-12-15 09:11:38
PO103658,S05,Spare parts,23.0,2025-12-15 12:00:06
PO103659,S10,Spare parts,23.3,2025-12-15 11:19:45
PO103660,S03,Steel coil,12.4,2025-12-16 16:01:48
PO103661,S04,Agro raw material,19.0,2025-12-16 10:35:37
PO103662,s01,Packaging,27.9,2025-12-16 14:27:27
PO103663,S10,Spare parts,8.0,2025-12-16 09:30:22
PO103664,S09,Agro raw material,17.5,2025-12-16 08:43:48
PO103665,S03,Steel coil,23.8,2025-12-16 14:27:27
PO103666,S06,Packaging,27.7,2025-12-16 15:58:45
PO103667,S02,Resin/Chemicals,14.2,2025-12-16 13:16:30
PO103668,S01,Packaging,8.4,2025-12-16 16:35:01
PO103669,S08,Steel coil,21.4,2025-12-17 10:30:07
PO103670,S05,Spare parts,24.0,2025-12-17 16:55:44
PO103671,S07,Resin/Chemicals,25.3,2025-12-17 16:10:56
PO103672,S09,Agro raw material,8.2,2025-12-17 12:09:47
PO103673,S02,Resin/Chemicals,19.6,2025-12-17 12:34:52
PO103674,S10,Spare parts,13.8,2025-12-17 07:32:22
PO103675,S07,Resin/Chemicals,8.0,2025-12-18 17:21:39
PO103676,S10,Spare parts,26.4,2025-12-18 17:04:54
PO103677,S06,Packaging,12.6,2025-12-18 11:37:24
PO103678,S07,Resin/Chemicals,14.8,2025-12-18 11:16:10
PO103679,S10,Spare parts,18.1,2025-12-18 13:11:10
PO103680,S12,Resin/Chemicals,24.7,2025-12-18 12:42:54
PO103681,S06,Packaging,18.0,2025-12-18 14:46:27
PO103682,S07,Resin/Chemicals,12.1,2025-12-18 12:18:22
PO103683,S03,Steel coil,12.9,2025-12-18 17:46:56
PO103684,S05,Spare parts,11.2,2025-12-19 17:34:37
PO103685,S05,Spare parts,5.0,2025-12-19 15:34:24
PO103686,S05,Spare parts,16.4,2025-12-19 19:26:57
PO103687,S04,Agro raw material,26.5,2025-12-19 15:55:10
PO103688,S06,Packaging,17.4,2025-12-19 16:01:49
PO103689,S03,Steel coil,15.3,2025-12-19 11:31:51
PO103690,S11,Packaging,6.0,2025-12-22 17:12:10
PO103691,S07,Resin/Chemicals,5.8,2025-12-23 13:58:43
PO103692,S07,Resin/Chemicals,15.1,2025-12-23 12:13:55
PO103693,S05,Spare parts,16.8,2025-12-23 16:25:17
PO103694,S07,Resin/Chemicals,8.4,2025-12-23 06:31:01
PO103695,S10,Spare parts,6.9,2025-12-23 14:13:02
PO103696,S07,Resin/Chemicals,21.9,2025-12-23 10:04:59
PO103697,S08,Steel coil,18.0,2025-12-23 07:12:47
PO103698,S10,Spare parts,13.1,2025-12-24 09:32:01
PO103699,S01,Packaging,26.9,2025-12-24 15:30:44
PO103700,S10,Spare parts,8.9,2025-12-24 17:18:17
PO103701,S11,Packaging,18.9,2025-12-24 21:13:28
PO103702,S09,Agro raw material,21.0,2025-12-24 07:29:12
PO103703,S02,Resin/Chemicals,16.3,2025-12-25 06:56:11
PO103704,S10,Spare parts,21.0,2025-12-25 13:45:16
PO103705,S07,Resin/Chemicals,27.2,2025-12-25 11:50:14
PO103706,S05,Spare parts,25.7,2025-12-25 19:08:37
PO103707,S06,Packaging,8.8,2025-12-25 20:27:01
PO103708,S08,Steel coil,22.6,2025-12-26 10:12:58
PO103709,S06,Packaging,18.0,2025-12-26 15:24:32
PO103710,S10,Spare parts,22.9,2025-12-26 10:36:20
PO103711,S07,Resin/Chemicals,19.4,2025-12-26 16:41:17
PO103712,S04,Agro raw material,18.1,2025-12-26 16:35:58
PO103713,S01,Packaging,7.0,2025-12-26 17:12:48
PO103714,S02,Resin/Chemicals,22.3,2025-12-26 12:34:10
PO103715,S10,Spare parts,14.5,2025-12-26 18:18:42
PO103716,S02,Resin/Chemicals,21.6,2025-12-27 14:32:32
PO103717,S08,Steel coil,18.5,2025-12-27 06:59:15
PO103718,S11,Packaging,12.1,2025-12-29 17:33:32
PO103719,S09,Agro raw material,15.4,2025-12-29 12:49:13
PO103720,S01,Packaging,11.4,2025-12-29 09:31:43
PO103721,S08,Steel coil,8.8,2025-12-29 13:50:25
PO103722,S02,Resin/Chemicals,27.9,2025-12-29 08:09:23
PO103723,s12,Resin/Chemicals,15.6,2025-12-29 19:57:29
PO103724,S06,Packaging,20.0,2025-12-29 16:23:26
PO103725,S01,Packaging,19.0,2025-12-29 07:36:26
PO103726,S09,Agro raw material,19.5,2025-12-30 09:18:45
PO103727,S09,Agro raw material,26.9,2025-12-30 10:05:37
PO103728,S10,Spare parts,27.5,2025-12-30 08:56:42
PO103729,S09,Agro raw material,21.0,2025-12-30 14:38:03
PO103730,S03,Steel coil,15.3,2025-12-30 12:05:39
PO103731,S07,Resin/Chemicals,9.2,2025-12-30 08:47:42
PO103732,S02,Resin/Chemicals,20.9,2025-12-31 13:10:17
PO103733,S12,Resin/Chemicals,23.0,2025-12-31 11:38:26
PO103734,S02,Resin/Chemicals,17.8,2025-12-31 09:24:01
PO103735,S11,Packaging,11.9,2025-12-31 12:18:38
PO103736,S12,Resin/Chemicals,24.8,2025-12-31 17:49:30
PO103737,S02,Resin/Chemicals,12.3,2025-12-31 06:32:37
PO103738,S12,Resin/Chemicals,10.9,2025-12-31 20:34:12
PO103739,S07,Resin/Chemicals,6.5,2025-12-31 16:58:15
